2 0.429292 0.717148 0.051505 0.144954
2 0.900479 0.729194 0.060021 0.263343
2 0.519552 0.722741 0.055807 0.143287
2 0.317552 0.735333 0.059948 0.160120
2 0.687318 0.731343 0.048052 0.198843
2 0.363255 0.703296 0.024313 0.120917
2 0.594609 0.749935 0.056849 0.278130
2 0.058667 0.701185 0.042448 0.161500
2 0.250807 0.738500 0.043865 0.065389
2 0.771937 0.731454 0.038094 0.204046
2 0.104813 0.698676 0.052052 0.239139
2 0.182281 0.743333 0.034318 0.061352
2 0.170719 0.743685 0.029156 0.059509
1 0.627677 0.538213 0.026453 0.052565
2 0.639578 0.717944 0.052443 0.189204
2 0.013432 0.696500 0.025823 0.173546
0 0.343734 0.737176 0.019224 0.039593
0 0.652901 0.528435 0.014135 0.033065
