1 0.553236 0.146907 0.021757 0.030861
1 0.676833 0.259259 0.042556 0.055556
0 0.805292 0.427009 0.014750 0.026231
2 0.187646 0.549167 0.034424 0.181120
2 0.239049 0.579037 0.058389 0.276139
2 0.312785 0.572759 0.035306 0.200315
2 0.376472 0.634065 0.044028 0.229963
2 0.401361 0.463722 0.030035 0.154259
2 0.378771 0.454630 0.026389 0.161778
2 0.473806 0.678019 0.062215 0.203194
2 0.598694 0.611648 0.043549 0.200954
2 0.648410 0.569509 0.025826 0.136463
2 0.704910 0.592204 0.030549 0.211500
2 0.811319 0.510602 0.028333 0.202546
2 0.644931 0.725972 0.036660 0.221972
0 0.400465 0.323407 0.012125 0.023769
2 0.219153 0.243639 0.020125 0.098204
2 0.285972 0.294750 0.029361 0.082306
2 0.355125 0.282139 0.023062 0.076194
2 0.430368 0.278870 0.026986 0.091361
2 0.447313 0.266843 0.008125 0.093361
2 0.454111 0.246741 0.009333 0.032315
2 0.473847 0.247509 0.015590 0.063389
2 0.464639 0.290491 0.018014 0.086815
2 0.485611 0.315398 0.031944 0.083657
2 0.520014 0.300472 0.021292 0.093741
2 0.644306 0.308861 0.018410 0.125750
