1 0.553125 0.146759 0.021528 0.030556
1 0.676736 0.259259 0.042361 0.055556
0 0.805208 0.426852 0.014583 0.025926
2 0.187500 0.549074 0.034722 0.181481
2 0.238889 0.579167 0.058333 0.275926
2 0.312847 0.572685 0.035417 0.200000
2 0.376389 0.634259 0.043750 0.229630
2 0.401389 0.463889 0.029861 0.154630
2 0.378819 0.454630 0.026389 0.162037
2 0.473958 0.678241 0.062500 0.202778
2 0.598611 0.611574 0.043750 0.200926
2 0.648264 0.569444 0.025694 0.136111
2 0.704861 0.592130 0.030556 0.211111
2 0.811458 0.510648 0.028472 0.202778
2 0.644792 0.725926 0.036806 0.222222
0 0.400347 0.323611 0.011806 0.024074
2 0.219097 0.243519 0.020139 0.098148
2 0.286111 0.294907 0.029167 0.082407
2 0.355208 0.281944 0.022917 0.075926
2 0.430208 0.278704 0.027083 0.091667
2 0.447222 0.266667 0.008333 0.093519
2 0.454167 0.246759 0.009028 0.032407
2 0.473958 0.247685 0.015278 0.062963
2 0.464583 0.290278 0.018056 0.087037
2 0.485764 0.315278 0.031944 0.083333
2 0.520139 0.300463 0.021528 0.093519
2 0.644444 0.308796 0.018750 0.125926
