2 0.363995 0.756667 0.089443 0.335389
2 0.571714 0.726065 0.081385 0.235880
2 0.714536 0.726806 0.064687 0.199731
2 0.850630 0.736380 0.074583 0.256991
2 0.212151 0.744204 0.040026 0.065167
2 0.631328 0.721463 0.057536 0.181074
2 0.264932 0.746093 0.036781 0.055954
2 0.773479 0.724787 0.047266 0.183259
2 0.318615 0.705574 0.025328 0.125417
2 0.137052 0.750704 0.039141 0.059111
2 0.012104 0.724102 0.021318 0.148296
0 0.667417 0.378148 0.022552 0.038287
1 0.587411 0.538130 0.025984 0.062796
2 0.148089 0.749435 0.028005 0.061611
