2 0.234437 0.701769 0.066531 0.255204
2 0.705896 0.703824 0.059953 0.264009
2 0.055839 0.700528 0.088839 0.318037
2 0.779698 0.717926 0.049104 0.226639
2 0.642161 0.701324 0.024156 0.122926
2 0.884672 0.722472 0.059411 0.196685
2 0.544807 0.739093 0.026620 0.062630
2 0.368500 0.715630 0.034146 0.114963
2 0.589630 0.739361 0.033177 0.062259
2 0.133333 0.728861 0.048260 0.108463
2 0.273698 0.715556 0.027974 0.121583
1 0.937995 0.522972 0.035146 0.058796
2 0.926698 0.724620 0.048885 0.244611
2 0.341745 0.692722 0.026224 0.159426
