2 0.626104 0.722620 0.086776 0.454750
2 0.172036 0.666074 0.108500 0.313657
2 0.557469 0.692759 0.061151 0.283741
2 0.432781 0.671296 0.041719 0.186407
2 0.907745 0.739694 0.113937 0.318917
2 0.256792 0.667435 0.037333 0.132472
2 0.844229 0.694333 0.064427 0.235389
2 0.366896 0.701167 0.031667 0.079333
2 0.329099 0.699722 0.024313 0.068296
2 0.942823 0.704667 0.043177 0.180667
1 0.025734 0.391546 0.040964 0.090028
2 0.220615 0.663333 0.033177 0.144657
2 0.515255 0.709611 0.032052 0.081556
2 0.291719 0.663454 0.029453 0.145806
