2 0.745646 0.734574 0.053167 0.267704
2 0.184146 0.723435 0.091005 0.338630
2 0.404208 0.735065 0.040771 0.133139
2 0.468250 0.716148 0.048474 0.251130
2 0.610349 0.723176 0.057568 0.293944
2 0.948630 0.772269 0.040042 0.158602
2 0.557120 0.753741 0.067510 0.263287
1 0.422250 0.468454 0.037641 0.066148
2 0.359187 0.730296 0.038964 0.137574
0 0.426609 0.376963 0.021010 0.036954
2 0.312943 0.712333 0.064286 0.282694
2 0.641792 0.727630 0.044401 0.268019
0 0.931042 0.807315 0.018073 0.050102
0 0.964672 0.796537 0.012406 0.035981
