2 0.370964 0.739546 0.072146 0.328417
2 0.261901 0.741759 0.074823 0.261389
2 0.733240 0.748528 0.026583 0.132426
2 0.541156 0.739667 0.051047 0.171806
1 0.458911 0.502417 0.037833 0.082287
2 0.882906 0.693426 0.192552 0.584500
2 0.777000 0.780324 0.032651 0.084639
2 0.704349 0.768593 0.030042 0.076481
2 0.571156 0.731528 0.028740 0.123926
0 0.986375 0.618741 0.027245 0.080722
2 0.952641 0.800083 0.040484 0.087537
2 0.430661 0.724963 0.048844 0.231009
2 0.988604 0.782787 0.022786 0.116120
2 0.687172 0.743685 0.025260 0.127454
