0 0.619812 0.153472 0.016078 0.027731
2 0.227068 0.671843 0.064307 0.266861
2 0.957161 0.488037 0.055979 0.273389
2 0.460073 0.469963 0.050047 0.195500
2 0.101771 0.553500 0.049484 0.178074
2 0.306432 0.548241 0.029870 0.209556
2 0.735286 0.548407 0.067885 0.272250
2 0.637885 0.462306 0.042339 0.184102
2 0.319906 0.456759 0.045141 0.159120
2 0.520531 0.528694 0.045656 0.219120
2 0.587240 0.432685 0.042495 0.176333
2 0.624771 0.415731 0.054505 0.159343
2 0.704781 0.355880 0.030333 0.136954
1 0.334208 0.278343 0.030703 0.058120
