2 0.6290937499999999 0.7608611111111111 0.10255208333333334 0.4363240740740741
2 0.16771875 0.7357222222222223 0.047713541666666665 0.32511111111111113
2 0.4909739583333333 0.7400462962962963 0.05844791666666667 0.24948148148148147
2 0.40687500000000004 0.7441851851851852 0.058130208333333336 0.3328981481481481
2 0.32759375 0.7285370370370371 0.051291666666666666 0.25530555555555556
1 0.41270833333333334 0.49295370370370367 0.039562499999999994 0.07651851851851851
2 0.5585416666666667 0.8024629629629629 0.064078125 0.1270740740740741
2 0.9312864583333333 0.7017685185185185 0.05273958333333333 0.37875925925925924
2 0.36435937500000004 0.7616296296296295 0.036640624999999996 0.1103611111111111
2 0.37230208333333337 0.7658425925925926 0.04277604166666667 0.22141666666666665
0 0.9485989583333333 0.552675925925926 0.03384895833333333 0.057629629629629635