2 0.6975416666666666 0.7626481481481481 0.06318229166666667 0.2789814814814815
2 0.4598229166666667 0.7686666666666666 0.09516666666666666 0.3024444444444444
2 0.6133541666666668 0.7726759259259259 0.10888020833333334 0.3911759259259259
2 0.9056093749999999 0.7526759259259259 0.07620833333333334 0.35953703703703704
2 0.28311458333333334 0.728925925925926 0.06428125 0.3138148148148148
1 0.4094739583333334 0.4990185185185186 0.03945833333333334 0.07918518518518518
2 0.35984374999999996 0.763287037037037 0.037869791666666666 0.13751851851851854
2 0.5579427083333334 0.8068333333333333 0.056838541666666666 0.1411574074074074
2 0.48266145833333335 0.7509722222222222 0.058515624999999995 0.2669074074074074
0 0.8872395833333333 0.7054259259259259 0.03340625 0.05586111111111111
2 0.32105729166666663 0.748675925925926 0.04390104166666667 0.2513240740740741