2 0.7667239583333333 0.7487777777777778 0.053578125000000004 0.1894722222222222
2 0.6244270833333334 0.7382314814814814 0.047098958333333336 0.17682407407407408
2 0.5353697916666668 0.7464907407407407 0.057171875 0.21516666666666667
2 0.23891145833333333 0.7215277777777778 0.16023437499999998 0.48886111111111114
2 0.39291666666666664 0.7332314814814814 0.04711458333333333 0.18912037037037038
2 0.12630208333333334 0.7575092592592593 0.06336979166666666 0.26570370370370366
2 0.293046875 0.7616666666666667 0.025255208333333334 0.06430555555555556
0 0.44527083333333334 0.4139629629629629 0.035875 0.05017592592592592
2 0.34471875 0.7608981481481482 0.02805208333333333 0.05525925925925926
2 0.922234375 0.7465185185185186 0.05017708333333334 0.2326388888888889
1 0.6621406249999999 0.5571111111111111 0.028687499999999998 0.05977777777777778
2 0.07178124999999999 0.7201296296296297 0.0384375 0.1704074074074074
2 0.43315624999999996 0.7371944444444444 0.028015625 0.16049074074074074