2 0.8507291666666668 0.6773796296296297 0.07294791666666667 0.3105925925925926
2 0.792859375 0.6906481481481481 0.05203125 0.2920462962962963
2 0.5943802083333334 0.7051759259259259 0.049276041666666666 0.15336111111111111
2 0.4893958333333333 0.6872777777777778 0.06411979166666666 0.29200925925925925
2 0.14502604166666666 0.7200925925925926 0.08084375 0.3389722222222222
1 0.6079427083333333 0.41075925925925927 0.04209895833333333 0.06866666666666667
0 0.5538124999999999 0.6939444444444445 0.026651041666666667 0.039546296296296295
2 0.98359375 0.6535185185185185 0.0328125 0.3154074074074074
2 0.5243333333333333 0.6980000000000001 0.06305208333333333 0.26738888888888884
0 0.15319791666666666 0.5631203703703703 0.02765625 0.05341666666666667
0 0.15488541666666666 0.46482407407407406 0.015791666666666666 0.03802777777777778