2 0.4292916666666667 0.7171481481481481 0.05150520833333334 0.14495370370370372
2 0.9004791666666667 0.7291944444444444 0.06002083333333333 0.26334259259259263
2 0.5195520833333334 0.7227407407407407 0.05580729166666667 0.14328703703703705
2 0.31755208333333335 0.7353333333333333 0.05994791666666666 0.16012037037037039
2 0.6873177083333334 0.7313425925925926 0.048052083333333336 0.1988425925925926
2 0.36325520833333336 0.7032962962962962 0.0243125 0.12091666666666667
2 0.594609375 0.7499351851851851 0.05684895833333334 0.2781296296296296
2 0.058666666666666666 0.7011851851851851 0.04244791666666667 0.16149999999999998
2 0.25080729166666665 0.7385 0.04386458333333333 0.0653888888888889
2 0.7719374999999999 0.7314537037037038 0.03809375 0.2040462962962963
2 0.1048125 0.698675925925926 0.05205208333333333 0.23913888888888887
2 0.18228125 0.7433333333333333 0.034317708333333335 0.06135185185185186
2 0.17071874999999997 0.7436851851851851 0.029156249999999998 0.059509259259259255
1 0.6276770833333334 0.538212962962963 0.026453125 0.05256481481481482
2 0.639578125 0.7179444444444444 0.05244270833333333 0.1892037037037037
2 0.013432291666666667 0.6965 0.025822916666666664 0.1735462962962963
0 0.34373437500000004 0.737175925925926 0.019223958333333332 0.03959259259259259
0 0.6529010416666666 0.5284351851851852 0.014135416666666668 0.03306481481481482