2 0.5499635416666667 0.7336944444444444 0.071109375 0.2678888888888889
2 0.06906770833333334 0.6990833333333333 0.04088541666666667 0.1661574074074074
2 0.6856041666666666 0.7285648148148148 0.04836979166666667 0.2163611111111111
2 0.178328125 0.6975462962962963 0.05750520833333333 0.19560185185185186
2 0.3811822916666667 0.7060833333333334 0.04119791666666666 0.13995370370370372
2 0.2993802083333333 0.7269722222222222 0.043062500000000004 0.18898148148148147
2 0.019057291666666667 0.6994722222222222 0.03284375 0.16306481481481483
1 0.632046875 0.5369537037037037 0.0274375 0.05765740740740741
2 0.84765625 0.727574074074074 0.04775 0.24139814814814814
2 0.7217135416666667 0.7306111111111111 0.041979166666666665 0.19293518518518518
2 0.6463177083333334 0.7212685185185186 0.037171875 0.17739814814814814
2 0.2513958333333333 0.7391481481481481 0.03576041666666666 0.0602962962962963
2 0.4883645833333333 0.7131481481481482 0.043328125 0.15841666666666668