2 0.37638541666666664 0.7157314814814815 0.052765625000000003 0.2098888888888889
2 0.0628125 0.716824074074074 0.078078125 0.25859259259259254
2 0.4559947916666667 0.7174166666666666 0.05327604166666667 0.26935185185185184
2 0.5379635416666667 0.7093333333333334 0.04280208333333334 0.22186111111111112
2 0.3275052083333333 0.6990555555555555 0.03796875 0.15108333333333332
2 0.20744270833333334 0.733212962962963 0.03892708333333333 0.06813888888888889
2 0.2738697916666667 0.7322129629629629 0.042421875000000005 0.06587037037037037
2 0.754046875 0.7115833333333333 0.046651041666666664 0.22385185185185183
2 0.6995208333333333 0.7112222222222222 0.04227604166666667 0.18262962962962964
1 0.6471927083333333 0.5281759259259259 0.02558854166666667 0.05899074074074074
2 0.4174947916666667 0.7082685185185185 0.03825520833333333 0.1773888888888889