2 0.7719583333333334 0.735574074074074 0.055302083333333335 0.23030555555555554
2 0.6046041666666666 0.7317037037037037 0.03822916666666667 0.2383148148148148
2 0.14192708333333334 0.7479814814814816 0.08597395833333334 0.3431111111111111
2 0.3108125 0.7276481481481482 0.05780729166666666 0.2627037037037037
2 0.3760677083333333 0.7583518518518518 0.054359375 0.22937037037037036
2 0.452859375 0.7485648148148148 0.061135416666666664 0.2551111111111111
2 0.49349479166666665 0.7563518518518518 0.06426041666666667 0.2688148148148148
0 0.49696874999999996 0.3527222222222222 0.02371875 0.04624074074074074
2 0.5245833333333334 0.7663981481481482 0.08217708333333333 0.24003703703703705
1 0.400703125 0.48927777777777776 0.035859375 0.06932407407407408
2 0.9262395833333333 0.839675925925926 0.026171875 0.060564814814814814
2 0.3465416666666667 0.7610092592592592 0.03444270833333333 0.20341666666666666