2 0.5596458333333333 0.748462962962963 0.048380208333333334 0.2620462962962963
2 0.24796354166666665 0.7263888888888889 0.06193229166666667 0.2696481481481482
2 0.120359375 0.731712962962963 0.06488020833333333 0.2986666666666667
2 0.8619583333333334 0.7525000000000001 0.04349479166666667 0.21350925925925926
2 0.6006979166666666 0.7351851851851852 0.051791666666666666 0.278212962962963
2 0.39618229166666663 0.733638888888889 0.062125 0.23152777777777778
2 0.18271874999999999 0.7332777777777778 0.11015625 0.40598148148148144
0 0.333921875 0.8220092592592593 0.027947916666666666 0.052444444444444446
2 0.30293749999999997 0.7463425925925925 0.03143229166666667 0.12325925925925926
1 0.36058333333333337 0.4736018518518519 0.04467708333333333 0.08538888888888889
2 0.983421875 0.806425925925926 0.026036458333333335 0.11687962962962964