2 0.23685416666666667 0.78125 0.09178125 0.32319444444444445
2 0.6249114583333333 0.7651851851851852 0.04483333333333333 0.29135185185185186
2 0.6777447916666667 0.766287037037037 0.06732291666666666 0.24176851851851852
2 0.7591822916666667 0.7700555555555555 0.101203125 0.3621111111111111
2 0.43216666666666664 0.7585648148148149 0.03966666666666666 0.26055555555555554
2 0.9560416666666666 0.7943888888888889 0.041177083333333336 0.16078703703703703
2 0.39591666666666664 0.7666944444444445 0.06458854166666667 0.26813888888888887
2 0.29725 0.7858796296296297 0.081375 0.34479629629629627
1 0.42171875000000003 0.5014166666666666 0.03534375 0.04958333333333333
2 0.531515625 0.766537037037037 0.021817708333333335 0.10311111111111111
2 0.35921875000000003 0.770462962962963 0.030630208333333336 0.13085185185185186
0 0.80815625 0.7468055555555555 0.035875 0.07537962962962963
2 0.80625 0.7597592592592592 0.04502083333333333 0.18796296296296297