1 0.553125 0.14675925925925926 0.021527777777777778 0.030555555555555555
1 0.6767361111111111 0.25925925925925924 0.04236111111111111 0.05555555555555555
0 0.8052083333333333 0.42685185185185187 0.014583333333333334 0.025925925925925925
2 0.1875 0.549074074074074 0.034722222222222224 0.1814814814814815
2 0.2388888888888889 0.5791666666666667 0.058333333333333334 0.2759259259259259
2 0.3128472222222222 0.5726851851851852 0.035416666666666666 0.2
2 0.3763888888888889 0.6342592592592593 0.04375 0.22962962962962963
2 0.4013888888888889 0.4638888888888889 0.029861111111111113 0.15462962962962962
2 0.37881944444444443 0.4546296296296296 0.02638888888888889 0.16203703703703703
2 0.4739583333333333 0.6782407407407407 0.0625 0.20277777777777778
2 0.5986111111111111 0.611574074074074 0.04375 0.20092592592592592
2 0.6482638888888889 0.5694444444444444 0.025694444444444443 0.1361111111111111
2 0.7048611111111112 0.5921296296296297 0.030555555555555555 0.2111111111111111
2 0.8114583333333333 0.5106481481481482 0.02847222222222222 0.20277777777777778
2 0.6447916666666667 0.725925925925926 0.03680555555555556 0.2222222222222222
0 0.40034722222222224 0.3236111111111111 0.011805555555555555 0.024074074074074074
2 0.21909722222222222 0.24351851851851852 0.02013888888888889 0.09814814814814815
2 0.2861111111111111 0.2949074074074074 0.029166666666666667 0.0824074074074074
2 0.35520833333333335 0.28194444444444444 0.022916666666666665 0.07592592592592592
2 0.43020833333333336 0.27870370370370373 0.027083333333333334 0.09166666666666666
2 0.44722222222222224 0.26666666666666666 0.008333333333333333 0.09351851851851851
2 0.45416666666666666 0.24675925925925926 0.009027777777777777 0.032407407407407406
2 0.4739583333333333 0.24768518518518517 0.015277777777777777 0.06296296296296296
2 0.46458333333333335 0.2902777777777778 0.018055555555555554 0.08703703703703704
2 0.4857638888888889 0.31527777777777777 0.03194444444444444 0.08333333333333333
2 0.5201388888888889 0.300462962962963 0.021527777777777778 0.09351851851851851
2 0.6444444444444445 0.3087962962962963 0.01875 0.1259259259259259