1 0.553236111111111 0.1469074074074074 0.021756944444444443 0.03086111111111111
1 0.6768333333333333 0.25925925925925924 0.042555555555555555 0.05555555555555555
0 0.8052916666666666 0.42700925925925926 0.01475 0.02623148148148148
2 0.18764583333333332 0.5491666666666667 0.03442361111111111 0.18112037037037038
2 0.23904861111111111 0.579037037037037 0.058388888888888886 0.2761388888888889
2 0.31278472222222226 0.5727592592592593 0.035305555555555555 0.2003148148148148
2 0.3764722222222222 0.6340648148148148 0.04402777777777778 0.22996296296296298
2 0.4013611111111111 0.4637222222222222 0.030034722222222223 0.15425925925925926
2 0.3787708333333333 0.4546296296296296 0.02638888888888889 0.16177777777777777
2 0.47380555555555554 0.6780185185185185 0.06221527777777778 0.20319444444444443
2 0.5986944444444444 0.6116481481481482 0.043548611111111114 0.20095370370370372
2 0.6484097222222223 0.5695092592592593 0.02582638888888889 0.13646296296296295
2 0.7049097222222223 0.5922037037037038 0.030548611111111113 0.2115
2 0.8113194444444444 0.5106018518518519 0.028333333333333332 0.2025462962962963
2 0.6449305555555556 0.7259722222222221 0.03665972222222222 0.2219722222222222
0 0.40046527777777774 0.32340740740740737 0.012125 0.02376851851851852
2 0.21915277777777778 0.24363888888888888 0.020125 0.09820370370370371
2 0.28597222222222224 0.29475 0.029361111111111112 0.08230555555555556
2 0.355125 0.2821388888888889 0.0230625 0.07619444444444445
2 0.4303680555555556 0.2788703703703704 0.02698611111111111 0.09136111111111112
2 0.4473125 0.2668425925925926 0.008125 0.0933611111111111
2 0.4541111111111111 0.24674074074074076 0.009333333333333332 0.03231481481481481
2 0.47384722222222225 0.24750925925925926 0.015590277777777778 0.06338888888888888
2 0.46463888888888893 0.29049074074074077 0.01801388888888889 0.08681481481481482
2 0.4856111111111111 0.31539814814814815 0.03194444444444444 0.0836574074074074
2 0.5200138888888889 0.3004722222222222 0.021291666666666667 0.09374074074074074
2 0.6443055555555556 0.3088611111111111 0.018409722222222223 0.12575