1 0.6694296875 0.28888888888888886 0.046671875 0.08333333333333333
0 0.3294765625 0.5890416666666667 0.0197890625 0.04055555555555555
2 0.022132812499999998 0.5699166666666666 0.044265624999999996 0.28679166666666667
2 0.085609375 0.7329027777777779 0.07370312500000001 0.35044444444444445
2 0.295453125 0.6326666666666666 0.08156250000000001 0.28683333333333333
2 0.4151640625 0.5564027777777778 0.0605390625 0.23695833333333335
2 0.47875781249999994 0.5510277777777778 0.061984375 0.19655555555555557
2 0.545109375 0.5385277777777778 0.054843750000000004 0.21259722222222222
2 0.4332109375 0.8940277777777779 0.077375 0.21195833333333336
2 0.6143671875 0.6876527777777778 0.0663359375 0.34891666666666665
2 0.731140625 0.6555694444444444 0.061250000000000006 0.3531527777777778
2 0.694203125 0.4484444444444444 0.05625 0.24911111111111112
2 0.5919609375 0.37955555555555553 0.0523203125 0.23451388888888888
0 0.6089453125000001 0.34968055555555555 0.0157265625 0.03333333333333333