1 0.6546 0.48549883990719256 0.05073846153846153 0.07540603248259861
2 0.7492153846153846 0.8136658932714617 0.10456923076923076 0.2537819025522042
2 0.6031692307692308 0.8120649651972158 0.11709230769230769 0.23201856148491878
2 0.5527846153846154 0.7893039443155453 0.05941538461538461 0.26538283062645013
2 0.44703076923076923 0.7089559164733179 0.04790769230769231 0.23928074245939673
2 0.35241538461538463 0.7637819025522041 0.071 0.24218097447795822
2 0.22955384615384616 0.8406264501160093 0.08064615384615385 0.2798839907192575
2 0.03083076923076923 0.7230394431554524 0.043199999999999995 0.2117169373549884
0 0.4963230769230769 0.4322273781902552 0.021553846153846153 0.03593967517401392
2 0.24587692307692308 0.7229234338747099 0.043 0.19215777262180972
2 0.17066153846153848 0.7862645011600928 0.11040000000000001 0.2308352668213457