2 0.9661666666666667 0.7285555555555555 0.06752777777777778 0.4876527777777778
2 0.7083333333333334 0.75625 0.13333333333333333 0.4875
2 0.48241666666666666 0.6773194444444445 0.05742592592592593 0.35184722222222226
2 0.29426851851851854 0.7041666666666667 0.09964814814814815 0.4027777777777778
2 0.19253703703703703 0.6873472222222222 0.09247222222222222 0.3858055555555555
2 0.11332407407407408 0.6939722222222222 0.07294444444444445 0.3935138888888889
2 0.6460555555555556 0.6012083333333333 0.04766666666666666 0.18019444444444446
2 0.34938888888888886 0.6087361111111111 0.04321296296296297 0.20636111111111113
0 0.3000648148148148 0.4267361111111111 0.02688888888888889 0.04840277777777778
2 0.2982685185185185 0.46016666666666667 0.07581481481481481 0.10498611111111111
1 0.23253703703703701 0.3243888888888889 0.06539814814814815 0.12806944444444443