1 0.564359375 0.13849765258215962 0.081828125 0.11737089201877934
2 0.59375 0.5987323943661972 0.074984375 0.3946713615023474
2 0.47246875 0.647018779342723 0.0730625 0.3315727699530516
2 0.224171875 0.6254460093896713 0.054578125 0.4152112676056338
0 0.5052187499999999 0.5868544600938967 0.033171875 0.05169014084507042
2 0.39973437500000003 0.5265727699530516 0.093140625 0.526056338028169
2 0.53096875 0.5442488262910798 0.033734375 0.18394366197183099
2 0.967875 0.5718779342723005 0.06109375 0.2287323943661972
2 0.135140625 0.537018779342723 0.0386875 0.18335680751173708
2 0.27371875 0.5768075117370892 0.062281249999999996 0.2872769953051643
2 0.32484375 0.5293192488262911 0.027890625000000002 0.1488262910798122