2 0.36399479166666665 0.7566666666666667 0.08944270833333333 0.3353888888888889
2 0.5717135416666667 0.7260648148148148 0.08138541666666667 0.23587962962962963
2 0.7145364583333333 0.7268055555555556 0.0646875 0.19973148148148148
2 0.8506302083333334 0.7363796296296296 0.07458333333333332 0.25699074074074074
2 0.21215104166666665 0.7442037037037037 0.040026041666666665 0.06516666666666666
2 0.631328125 0.7214629629629629 0.05753645833333333 0.18107407407407408
2 0.26493229166666665 0.7460925925925925 0.03678125 0.05595370370370371
2 0.7734791666666666 0.7247870370370371 0.047265625 0.18325925925925926
2 0.3186145833333333 0.705574074074074 0.025328125 0.12541666666666665
2 0.13705208333333332 0.7507037037037037 0.039140625000000005 0.059111111111111114
2 0.012104166666666666 0.7241018518518518 0.021317708333333334 0.1482962962962963
0 0.6674166666666667 0.3781481481481481 0.02255208333333333 0.038287037037037036
1 0.5874114583333333 0.5381296296296296 0.025984375 0.0627962962962963
2 0.14808854166666666 0.7494351851851851 0.028005208333333333 0.061611111111111116