1 0.22608125 0.2881916666666667 0.044662499999999994 0.059725
2 0.65466875 0.6245833333333334 0.1830875 0.45416666666666666
2 0.46021875 0.5842999999999999 0.09043749999999999 0.30694166666666667
2 0.36679375000000003 0.5363833333333333 0.0685875 0.19444166666666668
2 0.1967125 0.5520833333333334 0.06966875 0.22083333333333333
2 0.7997624999999999 0.5204166666666666 0.075775 0.22083333333333333
0 0.38445 0.08676666666666667 0.021400000000000002 0.03186666666666667
2 0.9077625 0.5200916666666667 0.087075 0.217025
2 0.90235625 0.4867666666666667 0.037450000000000004 0.13473333333333334
2 0.96575 0.48655000000000004 0.036975 0.13910833333333333
2 0.74636875 0.48406666666666665 0.0341625 0.13053333333333333
2 0.60275625 0.4855333333333333 0.027725 0.12394166666666666
2 0.51779375 0.5265083333333332 0.07915625 0.18766666666666665
2 0.174175 0.5000916666666667 0.032731249999999996 0.2459583333333333