1 0.6309495548961425 0.11163416274377942 0.11352621167161227 0.22057834566240753
2 0.6240257171117705 0.7074646940147948 0.07792284866468843 0.25016812373907193
2 0.5157319485657764 0.6933422999327505 0.05322453016815035 0.23806321452589105
2 0.2946884272997033 0.7484868863483524 0.09382789317507419 0.32683254875588436
2 0.38469337289812067 0.6650975117686617 0.04237883283877349 0.11970410221923336
2 0.4296933728981207 0.6415601882985877 0.03148862512363996 0.1183591123066577
0 0.5592087042532147 0.05790181573638197 0.04469337289812068 0.06605245460659045
2 0.8489614243323441 0.6100336247478144 0.045919881305637976 0.15825151311365165
2 0.6844757665677547 0.6560860793544049 0.049584569732937685 0.17450571620712846
2 0.5418793273986152 0.6488702084734365 0.02907517309594461 0.14628782784129118
2 0.5857814045499505 0.6456960322797579 0.03777942631058358 0.15511096166778748
2 0.6104648862512364 0.6000739744451916 0.019198813056379823 0.06248823133826496