2 0.115625 0.77734375 0.071875 0.4328125
2 0.0421875 0.76796875 0.084375 0.4515625
2 0.415625 0.75859375 0.1578125 0.4828125
2 0.85078125 0.7609375 0.103125 0.4421875
2 0.60234375 0.70703125 0.059375 0.2484375
2 0.68359375 0.72578125 0.0796875 0.321875
2 0.75859375 0.7546875 0.0765625 0.428125
2 0.2390625 0.775 0.125 0.4453125
2 0.95078125 0.7671875 0.096875 0.45
2 0.19609375 0.771875 0.0796875 0.4234375
0 0.46484375 0.50234375 0.0390625 0.05625
2 0.49375 0.73046875 0.0796875 0.4515625
1 0.48046875 0.36640625 0.065625 0.0625