2 0.726203125 0.7049375 0.102421875 0.30985416666666665
2 0.542796875 0.7014166666666667 0.06684375000000001 0.3528125
2 0.41531250000000003 0.69675 0.102484375 0.3268125
2 0.29278125 0.6712291666666667 0.0855625 0.22164583333333335
2 0.4908125 0.6390625 0.050375 0.17810416666666665
0 0.325203125 0.6257291666666667 0.022765625 0.03185416666666666
1 0.683859375 0.43181250000000004 0.047171875 0.06949999999999999
2 0.7851874999999999 0.6727291666666667 0.064203125 0.22391666666666668
2 0.588546875 0.6487916666666667 0.037453125 0.16743750000000002
2 0.198265625 0.6335 0.034625 0.14956250000000001
2 0.22796875 0.6650833333333334 0.044046875 0.13010416666666666