2 0.6699024756189047 0.66767 0.10349962490622656 0.508335
2 0.20048762190547637 0.70175 0.10990247561890473 0.5965
2 0.5230120030007501 0.6623300000000001 0.10228432108027007 0.491665
0 0.45477869467366844 0.8158099999999999 0.06805701425356339 0.09150499999999999
2 0.43621155288822205 0.7407100000000001 0.1753450862715679 0.48291
0 0.37879969992498125 0.49354000000000003 0.022310577644411102 0.03068
2 0.4029444861215304 0.51042 0.06348087021755439 0.21869
1 0.42178919729932485 0.22788 0.05677044261065266 0.09372499999999999
1 0.4347561890472618 0.35164 0.023454613653413354 0.029670000000000002
2 0.5586271567891973 0.53851 0.05134283570892723 0.29841
2 0.6919467366841711 0.43876 0.04573143285821456 0.1517
1 0.8339834958739685 0.36611 0.018113278319579894 0.03556