1 0.31825 0.20833500000000002 0.0865 0.10666500000000001
2 0.86985 0.785 0.08970333333333334 0.43
2 0.7675 0.77675 0.103 0.4465
2 0.5587766666666666 0.77067 0.09422000000000001 0.458335
2 0.4399 0.76 0.10313666666666667 0.47
2 0.3624666666666667 0.78 0.07093666666666666 0.44
2 0.27426 0.761485 0.08185333333333333 0.47697500000000004
2 0.20867333333333332 0.731745 0.04335000000000001 0.36449000000000004
0 0.31682333333333335 0.29609500000000005 0.04431333333333333 0.06519499999999999
2 0.04416666666666667 0.78375 0.08833333333333333 0.4325
2 0.6132566666666667 0.728 0.05651 0.310995
2 0.7038233333333332 0.71327 0.054316666666666666 0.26654500000000003