2 0.4810989583333333 0.7277777777777777 0.04759895833333334 0.24180555555555552
2 0.35552083333333334 0.7143611111111111 0.03619270833333333 0.13744444444444445
2 0.6240729166666666 0.723 0.05796354166666667 0.19282407407407406
2 0.26726041666666667 0.7446851851851852 0.03436979166666666 0.06610185185185186
2 0.21070833333333333 0.7153333333333333 0.04891145833333333 0.1905462962962963
2 0.41235937500000003 0.7206018518518519 0.028364583333333335 0.15198148148148147
2 0.5557760416666666 0.7226111111111111 0.051265625 0.16527777777777777
1 0.5923802083333333 0.5420833333333334 0.027953125000000002 0.05854629629629629
2 0.014729166666666666 0.7262500000000001 0.026359375 0.1366851851851852
2 0.14385937499999998 0.7512129629629629 0.03629166666666667 0.06199999999999999
2 0.15463541666666666 0.7516759259259259 0.02850520833333333 0.06066666666666666
2 0.324359375 0.7078611111111112 0.026770833333333334 0.1269074074074074
2 0.7273072916666667 0.7235462962962963 0.03496875 0.18518518518518517