2 0.9543813953488373 0.6334652114597544 0.09109767441860465 0.32287858117326057
2 0.8883348837209303 0.6119508867667122 0.0576 0.31529331514324693
2 0.7127441860465117 0.5928512960436562 0.07106976744186047 0.2334379263301501
2 0.20303255813953489 0.5790450204638472 0.06188837209302326 0.2849795361527967
1 0.8134976744186047 0.3789222373806276 0.0400186046511628 0.06481582537517053
2 0.5019348837209303 0.4951023192360164 0.07549767441860465 0.5018008185538881
0 0.5638046511627908 0.15806275579809004 0.04666046511627907 0.06945429740791269
2 0.5589953488372092 0.5200409276944066 0.056613953488372094 0.4437789904502047
2 0.6050697674418605 0.5845156889495225 0.04063255813953488 0.18718963165075037
2 0.2657209302325581 0.5744474761255116 0.0438046511627907 0.19180081855388814
1 0.2621581395348837 0.46139154160982265 0.022046511627906978 0.03635743519781719