2 0.48510185185185184 0.8116666666666666 0.07391666666666666 0.35944444444444446
2 0.9606481481481481 0.8402777777777778 0.0787037037037037 0.3194444444444444
2 0.8773148148148148 0.85 0.125 0.3
2 0.7949537037037037 0.8042916666666667 0.047324074074074074 0.20579166666666665
2 0.07012037037037037 0.8493055555555555 0.14023148148148148 0.3013888888888889
2 0.16089814814814815 0.8388888888888889 0.07685185185185185 0.32222222222222224
1 0.585574074074074 0.2385 0.12250925925925926 0.14177777777777778
0 0.4974351851851852 0.3997083333333334 0.03374074074074074 0.051625000000000004
2 0.20530555555555555 0.816861111111111 0.038203703703703705 0.2582222222222222
2 0.3157037037037037 0.7795 0.03212037037037037 0.11805555555555555
1 0.42359259259259263 0.6831527777777778 0.01588888888888889 0.027305555555555555
1 0.8811018518518519 0.6678055555555555 0.014888888888888887 0.020375