2 0.27034120734908135 0.723 0.07799025121859768 0.293
2 0.10142482189726285 0.73125 0.09336332958380203 0.3615
2 0.6908511436070491 0.69025 0.09186351706036745 0.3205
2 0.8959505061867267 0.6645 0.03637045369328834 0.105
2 0.8558305211848519 0.68425 0.052868391451068614 0.1405
1 0.3421447319085114 0.2095 0.10536182977127859 0.138
0 0.6139857517810273 0.292 0.033370828646419194 0.046
2 0.7365954255718036 0.6685 0.030371203599550055 0.1135
2 0.4032620922384702 0.67025 0.01949756280464942 0.104
2 0.537870266216723 0.66775 0.023622047244094488 0.0935
0 0.442819647544057 0.616 0.0074990626171728535 0.01
1 0.5009373828271466 0.59125 0.013123359580052493 0.0195