2 0.27032245969253843 0.723075 0.07795275590551182 0.293155
2 0.10144356955380578 0.731325 0.09340082489688789 0.36164999999999997
2 0.6908998875140607 0.690315 0.09195725534308212 0.320625
2 0.896010498687664 0.6645700000000001 0.0364904386951631 0.10514
2 0.8558417697787777 0.6842699999999999 0.052890888638920136 0.140535
1 0.3420697412823397 0.20944 0.10521184851893514 0.13788499999999998
0 0.6140194975628046 0.291925 0.033280839895013126 0.046105
2 0.7366666666666667 0.66857 0.03044994375703037 0.113595
2 0.4032620922384702 0.67015 0.019490063742032243 0.103895
2 0.5379527559055118 0.667635 0.023487064116985378 0.09333499999999999
0 0.4428383952005999 0.6160650000000001 0.007416572928383953 0.0101
1 0.5009636295463067 0.59124 0.012958380202474692 0.019405000000000002