2 0.2344375 0.7017685185185185 0.06653125 0.2552037037037037
2 0.7058958333333333 0.7038240740740741 0.059953125 0.2640092592592593
2 0.055838541666666665 0.7005277777777779 0.08883854166666666 0.31803703703703706
2 0.7796979166666667 0.717925925925926 0.049104166666666664 0.2266388888888889
2 0.6421614583333334 0.701324074074074 0.02415625 0.12292592592592591
2 0.884671875 0.7224722222222222 0.05941145833333333 0.19668518518518519
2 0.5448072916666666 0.7390925925925926 0.026619791666666667 0.06262962962962963
2 0.3685 0.7156296296296296 0.034145833333333334 0.11496296296296296
2 0.5896302083333332 0.7393611111111111 0.033177083333333336 0.06225925925925926
2 0.13333333333333333 0.7288611111111111 0.04826041666666667 0.10846296296296297
2 0.27369791666666665 0.7155555555555555 0.027973958333333333 0.12158333333333333
1 0.9379947916666667 0.5229722222222222 0.035145833333333334 0.0587962962962963
2 0.9266979166666667 0.7246203703703704 0.04888541666666667 0.2446111111111111
2 0.34174479166666666 0.6927222222222222 0.026223958333333335 0.15942592592592594