1 0.8566121031746032 0.21164021164021163 0.07036954365079366 0.09259259259259259
0 0.522075892857143 0.31570767195767196 0.030401785714285715 0.0426984126984127
2 0.6320262896825397 0.6319179894179895 0.08399305555555556 0.29293981481481485
2 0.4638963293650794 0.6959556878306878 0.09743551587301588 0.39918981481481486
2 0.26314732142857145 0.6870568783068782 0.09078125 0.45678571428571424
2 0.17077132936507936 0.527880291005291 0.0652529761904762 0.14570767195767195
2 0.4645262896825397 0.53932208994709 0.08892113095238094 0.33229166666666665
0 0.6562946428571428 0.5657671957671958 0.0115625 0.018369708994708994
1 0.21010416666666668 0.4929861111111111 0.03040922619047619 0.017585978835978837
2 0.025746527777777778 0.5408002645502645 0.04343005952380953 0.13224867724867725
0 0.9033035714285714 0.6358763227513228 0.02703373015873016 0.03163690476190476