1 0.3890235081374322 0.3681165311653117 0.17043399638336348 0.14001355013550135
0 0.4371790235081374 0.19905149051490514 0.08593128390596745 0.06747967479674796
2 0.8200723327305606 0.8624661246612466 0.18264014466546113 0.2750677506775068
2 0.6123146473779385 0.844810298102981 0.20112115732368896 0.31021680216802167
2 0.491500904159132 0.8536585365853658 0.15117540687160938 0.2926829268292683
1 0.6148282097649186 0.6505420054200542 0.03741410488245932 0.02886178861788618
2 0.053164556962025315 0.7771680216802167 0.07162748643761302 0.15186991869918698
2 0.23549728752260396 0.7741598915989161 0.040325497287522605 0.1298238482384824
2 0.2779385171790235 0.7719647696476966 0.03808318264014467 0.12720867208672085
2 0.3078300180831826 0.7702439024390245 0.046889692585895114 0.12552845528455284
2 0.35104882459312836 0.7728726287262873 0.04802893309222423 0.1095121951219512
2 0.37698010849909586 0.7691327913279132 0.029294755877034357 0.10734417344173441
2 0.40867992766726946 0.7643089430894309 0.03215189873417722 0.11009485094850949
2 0.4533634719710669 0.766341463414634 0.043037974683544304 0.10176151761517614
2 0.7465641952983726 0.7732249322493224 0.02837251356238698 0.08361788617886179
2 0.7718987341772152 0.7603116531165311 0.02980108499095841 0.0631029810298103
2 0.798245931283906 0.7528048780487806 0.027884267631103073 0.053848238482384826
2 0.9347197106690777 0.7721951219512195 0.03023508137432188 0.1147289972899729
2 0.9612839059674503 0.7709891598915989 0.04698010849909584 0.07501355013550136
2 0.946763110307414 0.8868563685636857 0.1064737793851718 0.22630081300813007