2 0.2115859375 0.5682604166666666 0.123171875 0.36152083333333335
0 0.250234375 0.43986458333333334 0.0379609375 0.046406249999999996
2 0.295140625 0.5248645833333333 0.098859375 0.22848958333333333
2 0.3443125 0.51353125 0.0655859375 0.19564583333333332
2 0.4266015625 0.49361458333333336 0.0330703125 0.14828125
2 0.4605625 0.48742708333333334 0.0461953125 0.16467708333333334
2 0.5752109375 0.46915625 0.0414140625 0.13255208333333332
2 0.6433984374999999 0.46475000000000005 0.046625 0.12816666666666668
2 0.608171875 0.47092708333333333 0.0409140625 0.11173958333333332
2 0.77971875 0.46547916666666667 0.108421875 0.19603125
2 0.90546875 0.45203125 0.05278125 0.19348958333333333
1 0.2984765625 0.30976041666666665 0.0351953125 0.0244375