2 0.7715509259259259 0.6612345679012346 0.0824537037037037 0.3101028806584362
2 0.8738078703703704 0.5895061728395061 0.09482638888888889 0.4012345679012346
2 0.4471064814814815 0.6603497942386831 0.058553240740740746 0.34539094650205765
2 0.09586805555555555 0.6397736625514403 0.0644212962962963 0.20135802469135802
2 0.19762731481481483 0.637119341563786 0.03877314814814815 0.22487654320987654
0 0.7089004629629629 0.20648148148148146 0.022418981481481484 0.0408641975308642
1 0.44480324074074074 0.40415637860082304 0.0324537037037037 0.061419753086419754
2 0.39554398148148145 0.6776131687242798 0.04402777777777778 0.2228395061728395
2 0.3559259259259259 0.6561728395061728 0.05528935185185185 0.22919753086419753
2 0.31126157407407407 0.6424691358024691 0.038217592592592595 0.20775720164609054
2 0.3 0.6382510288065844 0.02605324074074074 0.2049588477366255