2 0.794359296482412 0.6141133455210238 0.07615577889447236 0.28488117001828156
2 0.17905778894472363 0.602979890310786 0.09933417085427135 0.42352833638025594
2 0.331356783919598 0.6115173674588665 0.1903643216080402 0.3930530164533821
1 0.8462814070351758 0.2843692870201097 0.059937185929648244 0.09080438756855576
0 0.7133668341708543 0.3945338208409506 0.02773869346733668 0.040292504570383914
2 0.7206658291457286 0.5436014625228519 0.0649497487437186 0.3326873857404022
2 0.5224497487437186 0.5907861060329068 0.08623115577889447 0.24142595978062156
2 0.440891959798995 0.5818464351005485 0.05853015075376885 0.2086654478976234
2 0.23793969849246233 0.5954113345521024 0.05516331658291457 0.2909323583180987
2 0.10042713567839195 0.5607861060329068 0.0503391959798995 0.24016453382084096
1 0.23462311557788942 0.44168190127970747 0.020238693467336682 0.03146252285191956