1 0.6624153846153846 0.5501424501424501 0.05406153846153846 0.06897435897435898
2 0.03352307692307692 0.8587179487179488 0.04092307692307692 0.2697720797720798
2 0.06946153846153846 0.8647008547008547 0.033892307692307694 0.2705982905982906
2 0.1143076923076923 0.8944729344729344 0.107 0.21105413105413104
2 0.4625692307692308 0.9102849002849003 0.08915384615384615 0.1794017094017094
2 0.5090615384615385 0.8628490028490029 0.06358461538461538 0.2743019943019943
2 0.6303076923076922 0.8777207977207977 0.054861538461538455 0.24452991452991452
2 0.6660615384615385 0.8702849002849004 0.060030769230769235 0.25943019943019946
2 0.6626153846153846 0.7795441595441596 0.06319999999999999 0.36820512820512824
2 0.7058923076923077 0.795868945868946 0.05730769230769231 0.4082905982905983
0 0.7002153846153846 0.5855555555555556 0.021846153846153845 0.039800569800569806