2 0.24802083333333333 0.6631203703703703 0.08052604166666667 0.3012314814814815
2 0.522375 0.6797777777777777 0.05636979166666667 0.18475925925925926
2 0.3578385416666666 0.6854074074074075 0.0844375 0.212
2 0.8791510416666667 0.6366481481481482 0.21466666666666667 0.6962037037037037
0 0.41139583333333335 0.3569259259259259 0.025197916666666667 0.0472037037037037
2 0.5819947916666667 0.7025925925925925 0.02921875 0.0818611111111111
2 0.4409635416666667 0.6766203703703704 0.06423958333333334 0.27244444444444443
1 0.275265625 0.41285185185185186 0.04627604166666666 0.08062962962962963
2 0.7329114583333334 0.7181759259259259 0.030895833333333334 0.08008333333333333
2 0.7731197916666667 0.7077222222222223 0.05528645833333334 0.1264259259259259
2 0.30035416666666664 0.6835925925925925 0.08184895833333333 0.23858333333333334
2 0.40730208333333334 0.6579722222222222 0.07343229166666668 0.23399999999999999