2 0.9679699666295885 0.5811018363939899 0.05162402669632925 0.2406761268781302
2 0.8162458286985539 0.5861101836393989 0.045172413793103446 0.25737061769616026
2 0.4760901001112347 0.6090651085141903 0.06564516129032258 0.32832220367278797
2 0.3564349276974416 0.5912687813021703 0.08328142380422693 0.2893739565943239
2 0.41603448275862065 0.5763772954924875 0.06010011123470523 0.27128547579298834
2 0.558020022246941 0.603372287145242 0.12493882091212458 0.28520033388981636
1 0.359293659621802 0.35331385642737895 0.041523915461624025 0.11616026711185308
0 0.37027252502780866 0.28877295492487476 0.021546162402669634 0.03284641068447412
2 0.6287764182424916 0.5613272120200334 0.04093437152391546 0.16400667779632722
1 0.726384872080089 0.4052086811352254 0.02385984427141268 0.01812186978297162
0 0.9102780867630701 0.6103005008347245 0.014933259176863183 0.020926544240400666
0 0.9276529477196885 0.609933222036728 0.014727474972191325 0.02119365609348915