2 0.6254068241469817 0.613815 0.07496437945256842 0.148625
2 0.5029996250468691 0.59663 0.07161604799400074 0.31526499999999996
2 0.38700787401574804 0.6217050000000001 0.06235470566179228 0.20041499999999998
2 0.29740532433445815 0.631695 0.0623772028496438 0.17339500000000002
2 0.22172853393325836 0.62427 0.08350206224221972 0.19253499999999998
1 0.2997750281214848 0.426445 0.03262092238470191 0.046895000000000006
2 0.8549343832020998 0.5845549999999999 0.03382827146606674 0.12410500000000001
2 0.9003674540682416 0.58811 0.03545181852268466 0.121225
0 0.4747656542932134 0.392195 0.02544806899137608 0.03603
2 0.5565804274465692 0.61076 0.05686914135733033 0.165565
2 0.4372553430821148 0.58704 0.03904011998500188 0.14438499999999999