2 0.3611979166666667 0.6998518518518518 0.07027083333333332 0.31875925925925924
2 0.7080572916666666 0.7506018518518518 0.09541145833333334 0.40611111111111114
2 0.2627291666666667 0.6861851851851852 0.048296875 0.2127962962962963
2 0.8530833333333334 0.7329259259259259 0.035140625 0.12429629629629631
2 0.17301041666666667 0.7070277777777778 0.049171875 0.12965740740740742
2 0.44246874999999997 0.6984259259259259 0.039531250000000004 0.15732407407407406
2 0.5563854166666666 0.6897314814814814 0.04596875 0.19050925925925927
2 0.98384375 0.7632592592592593 0.02941145833333333 0.06546296296296296
2 0.59140625 0.7301574074074074 0.03199479166666667 0.11250925925925927
2 0.12961458333333334 0.7226666666666667 0.039447916666666666 0.08530555555555555
2 0.029875 0.7042685185185186 0.05975 0.426787037037037
0 0.4598125 0.71825 0.014432291666666668 0.03431481481481482