2 0.542484375 0.7783425925925926 0.06790625 0.2885
2 0.8701770833333333 0.7832962962962964 0.06140625 0.2467314814814815
2 0.47815104166666667 0.7683888888888889 0.063828125 0.256712962962963
2 0.32760416666666664 0.7801296296296296 0.054177083333333334 0.18239814814814817
2 0.6489635416666667 0.7646018518518518 0.06021354166666667 0.3426759259259259
2 0.934453125 0.8106296296296297 0.04080729166666666 0.16307407407407407
1 0.4071770833333333 0.5122962962962962 0.03797395833333333 0.06596296296296296
2 0.39186458333333335 0.7401111111111112 0.048953125 0.3053240740740741
0 0.9170937499999999 0.8354074074074074 0.015859375 0.03352777777777778
0 0.94575 0.8332407407407407 0.016729166666666666 0.03347222222222222
0 0.35788020833333334 0.8070555555555555 0.021697916666666664 0.05045370370370371
0 0.3915885416666667 0.5912222222222222 0.019557291666666664 0.04136111111111111