2 0.7782854494902688 0.7123002084781098 0.223855421686747 0.48783877692842254
2 0.3974328081556997 0.5795691452397498 0.08865616311399444 0.14732453092425296
2 0.05827618164967563 0.556636553161918 0.06278962001853568 0.14315496872828354
2 0.15464318813716404 0.5788742182070883 0.08500463392029657 0.15705350938151494
0 0.8379147358665431 0.45269631688672685 0.10663577386468953 0.07710910354412787
1 0.5305746061167748 0.45918693537178595 0.03498609823911029 0.021591382904794995
0 0.3307877664504171 0.5812925642807505 0.03196478220574606 0.024669909659485754
0 0.20533827618164968 0.6178874218207088 0.041047265987025024 0.03140375260597637
2 0.023466172381835033 0.5550104239054899 0.03789620018535681 0.1338568450312717
0 0.9894902687673772 0.5753648366921473 0.015746061167747915 0.014259902710215428
2 0.9404541241890639 0.5829603891591383 0.03305838739573679 0.08513551077136901
2 0.9747080630213161 0.584503127171647 0.03928637627432808 0.08972202918693538