2 0.9754285714285714 0.7151735962280326 0.04914285714285714 0.2584654950707244
2 0.8201571428571429 0.6929532790398629 0.07402857142857143 0.3486198028289756
2 0.7030314285714286 0.5670810115730819 0.06263142857142857 0.37719674239177026
2 0.6360857142857144 0.61737676810973 0.07502571428571428 0.3972010287183883
2 0.4530571428571429 0.6788084012001715 0.06554571428571429 0.297183883411916
2 0.5273342857142858 0.6722417488212602 0.07124285714285714 0.3071881697385341
2 0.33554571428571434 0.6716673810544364 0.10080857142857143 0.3857693956279469
2 0.26936571428571426 0.6656665237891127 0.06558857142857143 0.33433347621088727
1 0.30136285714285715 0.30775825117873984 0.06272571428571429 0.09001285897985427
2 0.24552857142857143 0.6526318045435062 0.07605428571428571 0.34007715387912557
2 0.4951371428571429 0.6476810972996142 0.055945714285714286 0.305825117873982
0 0.6851085714285715 0.36319759965709386 0.02940285714285714 0.04503643377625375