2 0.11758854166666667 0.6600833333333334 0.05853645833333333 0.32008333333333333
2 0.8864479166666667 0.7363796296296296 0.094296875 0.30136111111111114
2 0.7897291666666667 0.7302962962962963 0.07286979166666667 0.27566666666666667
2 0.5451145833333333 0.7005370370370371 0.06495833333333333 0.2952037037037037
2 0.31227604166666667 0.692037037037037 0.10211979166666667 0.40730555555555553
2 0.708984375 0.7216759259259259 0.05558854166666667 0.24833333333333332
2 0.97071875 0.7857500000000001 0.056484375 0.12150925925925925
2 0.7361562500000001 0.728037037037037 0.08578645833333334 0.2651481481481482
0 0.84765625 0.8091666666666667 0.02814583333333333 0.052814814814814814
1 0.39951562500000004 0.4003333333333333 0.043932291666666665 0.08813888888888889
2 0.7627083333333334 0.7336666666666667 0.09198437500000001 0.23075