2 0.613046875 0.7273240740740741 0.053697916666666665 0.2839537037037037
2 0.762265625 0.7558055555555555 0.13702083333333331 0.48838888888888893
2 0.6586927083333334 0.7639166666666667 0.03528125 0.09101851851851851
1 0.3540677083333333 0.4729351851851852 0.036932291666666665 0.07840740740740741
0 0.3511458333333334 0.7621851851851852 0.019838541666666668 0.042527777777777775
2 0.378078125 0.7198148148148148 0.0519375 0.22646296296296298
2 0.8778697916666667 0.763175925925926 0.05802604166666667 0.23956481481481484
2 0.24359375 0.7270648148148149 0.068734375 0.31583333333333335
2 0.29710416666666667 0.7199074074074074 0.0705625 0.3293425925925926
2 0.5015416666666667 0.7082037037037037 0.04152083333333333 0.21769444444444447
2 0.8108958333333334 0.7889351851851851 0.032703125 0.07621296296296297