2 0.2358125 0.6839259259259259 0.08544791666666667 0.31550925925925927
2 0.6083072916666666 0.6893888888888888 0.048265625 0.2836851851851852
2 0.9673958333333333 0.7324537037037037 0.05807291666666667 0.24828703703703703
2 0.7808437500000001 0.7235925925925926 0.17008333333333334 0.5343611111111112
2 0.5006979166666666 0.6720555555555556 0.050942708333333336 0.22256481481481483
2 0.654671875 0.7200833333333334 0.03261979166666667 0.08296296296296296
1 0.35129166666666667 0.4381388888888889 0.03839583333333333 0.0793611111111111
2 0.85053125 0.7262222222222222 0.05248958333333333 0.12235185185185184
0 0.31186458333333333 0.6835185185185185 0.024755208333333334 0.05134259259259259
0 0.310046875 0.6834444444444444 0.016619791666666668 0.03388888888888889
2 0.29969270833333334 0.6775555555555556 0.042317708333333336 0.13425