2 0.9677083333333333 0.7166944444444444 0.06244270833333333 0.3208888888888889
2 0.6651770833333334 0.6812685185185186 0.043609375 0.22802777777777777
2 0.18934375 0.6942777777777778 0.08877604166666667 0.39778703703703705
2 0.7852708333333334 0.7054074074074075 0.051395833333333335 0.25704629629629633
2 0.5719947916666667 0.6971203703703703 0.05672395833333333 0.19966666666666666
2 0.6121197916666666 0.6934722222222223 0.048890625 0.20973148148148146
0 0.5533697916666667 0.40247222222222223 0.018057291666666666 0.03227777777777778
1 0.5148020833333333 0.44728703703703704 0.036708333333333336 0.06321296296296296
2 0.4499010416666666 0.6781111111111111 0.056713541666666666 0.27817592592592594
2 0.8232760416666667 0.7084351851851852 0.03834375 0.1950740740740741
0 0.610046875 0.6037592592592592 0.010984375 0.02965740740740741