2 0.6261041666666666 0.7226203703703703 0.08677604166666668 0.45475
2 0.17203645833333334 0.666074074074074 0.1085 0.3136574074074074
2 0.55746875 0.6927592592592592 0.06115104166666666 0.28374074074074074
2 0.43278125 0.6712962962962963 0.04171875 0.1864074074074074
2 0.9077447916666667 0.7396944444444444 0.1139375 0.3189166666666667
2 0.2567916666666667 0.6674351851851852 0.037333333333333336 0.1324722222222222
2 0.8442291666666667 0.6943333333333334 0.06442708333333333 0.2353888888888889
2 0.36689583333333337 0.7011666666666666 0.03166666666666666 0.07933333333333334
2 0.32909895833333336 0.6997222222222222 0.0243125 0.0682962962962963
2 0.9428229166666667 0.7046666666666667 0.04317708333333334 0.18066666666666667
1 0.025734374999999997 0.3915462962962963 0.04096354166666667 0.09002777777777778
2 0.22061458333333334 0.6633333333333333 0.033177083333333336 0.1446574074074074
2 0.5152552083333333 0.7096111111111111 0.032052083333333335 0.08155555555555555
2 0.29171875 0.6634537037037037 0.029453125 0.14580555555555555