2 0.7634114583333333 0.7207037037037037 0.057749999999999996 0.21728703703703703
2 0.32883854166666665 0.7106203703703704 0.04961458333333334 0.19623148148148148
2 0.38110937500000003 0.7320185185185185 0.08313541666666667 0.3574722222222222
2 0.146203125 0.7233611111111111 0.03766666666666666 0.11784259259259258
2 0.42154166666666665 0.7073055555555555 0.03646875 0.17887962962962964
2 0.03625520833333333 0.7282592592592593 0.045598958333333335 0.13278703703703704
2 0.081671875 0.751462962962963 0.03426041666666667 0.07785185185185185
2 0.5443489583333334 0.7142407407407407 0.0421875 0.18416666666666667
2 0.21248958333333334 0.741574074074074 0.03591145833333333 0.0693425925925926
1 0.7078072916666667 0.5263703703703704 0.02900520833333333 0.05817592592592592
2 0.82615625 0.7246111111111111 0.03222395833333333 0.19019444444444444
2 0.26591145833333335 0.743175925925926 0.024354166666666666 0.05590740740740741