2 0.23742708333333334 0.7325185185185186 0.08647916666666666 0.3047314814814815
2 0.6232604166666668 0.741462962962963 0.09218229166666667 0.30604629629629626
2 0.8124895833333333 0.7384629629629629 0.04816145833333333 0.27358333333333335
2 0.7615 0.7357222222222223 0.05580729166666667 0.27225
2 0.5301875 0.7271574074074074 0.05307291666666667 0.2234722222222222
2 0.956640625 0.7734074074074074 0.03796875 0.15930555555555556
2 0.06922395833333334 0.7254074074074075 0.07526562499999999 0.3526944444444445
0 0.3768958333333333 0.7585185185185186 0.01728125 0.03844444444444445
2 0.3572239583333333 0.7370462962962963 0.04047916666666666 0.14353703703703705
2 0.4424375 0.7263518518518519 0.06197395833333333 0.26743518518518516
2 0.4057864583333333 0.7353333333333333 0.03860416666666667 0.12887962962962962
2 0.4658541666666667 0.7307962962962963 0.06804166666666665 0.23978703703703705
1 0.42369270833333333 0.47670370370370374 0.03551041666666667 0.07880555555555556
0 0.5807291666666666 0.6481481481481481 0.02753125 0.05026851851851852