2 0.6355260416666667 0.7002777777777778 0.07220833333333333 0.28817592592592595
2 0.8954010416666667 0.704962962962963 0.046890625 0.2678425925925926
2 0.29009375 0.7030833333333334 0.05266666666666667 0.3152962962962963
2 0.15066145833333333 0.7195092592592593 0.08986458333333333 0.3268888888888889
2 0.542484375 0.6945462962962963 0.05540625 0.24918518518518518
2 0.7495052083333333 0.716962962962963 0.06764583333333334 0.34255555555555556
2 0.44422395833333334 0.7101481481481482 0.04004166666666666 0.13353703703703704
2 0.4045416666666667 0.7088148148148148 0.04008333333333333 0.14495370370370372
2 0.988328125 0.7281481481481481 0.023348958333333333 0.15153703703703703
1 0.46347916666666666 0.4515185185185185 0.04058333333333333 0.07947222222222222
0 0.41731250000000003 0.7344074074074074 0.015588541666666667 0.03723148148148148