2 0.7456458333333333 0.7345740740740742 0.05316666666666667 0.2677037037037037
2 0.18414583333333334 0.7234351851851851 0.09100520833333332 0.33862962962962967
2 0.40420833333333334 0.7350648148148148 0.04077083333333333 0.1331388888888889
2 0.46825 0.7161481481481482 0.04847395833333333 0.25112962962962965
2 0.6103489583333332 0.7231759259259259 0.057567708333333335 0.29394444444444445
2 0.9486302083333332 0.7722685185185185 0.04004166666666666 0.15860185185185185
2 0.5571197916666667 0.7537407407407407 0.06751041666666667 0.26328703703703704
1 0.42225 0.4684537037037037 0.037640625 0.06614814814814815
2 0.3591875 0.7302962962962963 0.03896354166666667 0.1375740740740741
0 0.426609375 0.37696296296296294 0.021010416666666667 0.036953703703703704
2 0.3129427083333333 0.7123333333333334 0.06428645833333334 0.28269444444444447
2 0.6417916666666666 0.7276296296296296 0.04440104166666667 0.2680185185185185
0 0.9310416666666667 0.8073148148148148 0.018072916666666668 0.05010185185185185
0 0.9646718750000001 0.796537037037037 0.01240625 0.03598148148148148