2 0.3709635416666667 0.7395462962962963 0.07214583333333334 0.3284166666666667
2 0.26190104166666667 0.7417592592592592 0.07482291666666667 0.2613888888888889
2 0.7332395833333333 0.7485277777777778 0.026583333333333334 0.13242592592592595
2 0.54115625 0.7396666666666667 0.051046875000000005 0.17180555555555557
1 0.45891145833333336 0.5024166666666667 0.03783333333333334 0.08228703703703705
2 0.88290625 0.6934259259259259 0.19255208333333332 0.5845
2 0.7769999999999999 0.7803240740740741 0.032651041666666665 0.08463888888888889
2 0.7043489583333333 0.7685925925925926 0.030041666666666668 0.07648148148148147
2 0.5711562499999999 0.7315277777777778 0.028739583333333332 0.12392592592592593
0 0.986375 0.6187407407407407 0.027244791666666667 0.08072222222222222
2 0.952640625 0.8000833333333334 0.040484375 0.08753703703703704
2 0.43066145833333336 0.724962962962963 0.04884375 0.23100925925925928
2 0.9886041666666666 0.782787037037037 0.022786458333333332 0.11612037037037037
2 0.687171875 0.7436851851851851 0.025260416666666667 0.1274537037037037