2 0.21421875 0.681888888888889 0.03398958333333334 0.1182962962962963
2 0.8972395833333333 0.6702592592592592 0.03277083333333333 0.19611111111111112
2 0.4184322916666667 0.6637222222222222 0.04821875 0.19998148148148148
2 0.69334375 0.669787037037037 0.032296874999999996 0.14806481481481482
2 0.48496875 0.6644166666666668 0.028968749999999998 0.14337962962962963
2 0.107921875 0.664287037037037 0.05034375 0.22674074074074074
2 0.8224166666666667 0.6689259259259259 0.05765625 0.21377777777777776
2 0.6153697916666666 0.6744814814814816 0.04897395833333333 0.1860462962962963
2 0.04649479166666667 0.6977500000000001 0.08454687500000001 0.4358240740740741
0 0.642109375 0.6516666666666666 0.0228125 0.04140740740740741
1 0.7687135416666667 0.47630555555555554 0.030109375 0.051583333333333335