2 0.20159895833333333 0.7056759259259259 0.037921875 0.12149074074074075
2 0.038614583333333334 0.7153518518518519 0.07722916666666667 0.41925
2 0.517328125 0.6969537037037037 0.03508854166666667 0.15961111111111112
2 0.40375520833333334 0.6912407407407407 0.04309375 0.20157407407407407
2 0.8789010416666667 0.7048333333333333 0.03681770833333333 0.19441666666666665
2 0.811203125 0.7117222222222221 0.05147395833333333 0.20576851851851852
2 0.09676041666666667 0.7151111111111111 0.044234375000000006 0.12756481481481483
2 0.599703125 0.6994722222222222 0.04563020833333333 0.19287962962962962
2 0.6367135416666667 0.6943703703703703 0.03153645833333333 0.16510185185185186
2 0.9469531250000001 0.6965277777777777 0.03871354166666666 0.1824814814814815
1 0.7586197916666666 0.5059722222222223 0.02999479166666667 0.04901851851851852
2 0.2607864583333333 0.7299351851851852 0.02453125 0.06549074074074074
2 0.619515625 0.6952222222222223 0.05674479166666667 0.1876759259259259