2 0.5680052083333333 0.7024722222222222 0.045119791666666666 0.16949074074074075
2 0.41225520833333335 0.6944907407407407 0.04919791666666666 0.19721296296296298
2 0.7882395833333333 0.6975740740740741 0.05063541666666667 0.1925277777777778
2 0.09528645833333332 0.7223888888888889 0.10492708333333334 0.4335925925925926
2 0.26705208333333336 0.7094722222222223 0.034421875000000005 0.11598148148148149
2 0.9028229166666667 0.6990648148148149 0.044895833333333336 0.14967592592592593
2 0.7357708333333334 0.6972314814814815 0.033109375 0.17142592592592593
2 0.327578125 0.6972407407407407 0.073875 0.2764351851851852
2 0.45751041666666664 0.6883148148148148 0.031234374999999998 0.13924074074074075
2 0.17339062500000002 0.716824074074074 0.04041145833333334 0.13117592592592592
1 0.8240260416666667 0.5023333333333333 0.028140625 0.05619444444444444