2 0.15465104166666668 0.7082314814814815 0.10863020833333333 0.3011111111111111
2 0.9340104166666666 0.7332222222222222 0.09990104166666666 0.48661111111111105
2 0.6163229166666666 0.6983518518518519 0.03958333333333333 0.13173148148148148
2 0.5101666666666667 0.6884074074074075 0.038864583333333334 0.16050925925925924
2 0.23260416666666667 0.6793055555555555 0.05178125 0.19451851851851854
2 0.80365625 0.703212962962963 0.058104166666666665 0.24585185185185182
2 0.017239583333333332 0.7194907407407407 0.03447395833333333 0.09681481481481481
2 0.32422395833333334 0.6925925925925925 0.02941145833333333 0.1162037037037037
2 0.431828125 0.7157685185185185 0.023885416666666666 0.05209259259259259
1 0.8931927083333334 0.49560185185185185 0.03241145833333333 0.04997222222222222
2 0.2705989583333333 0.721287037037037 0.028541666666666667 0.0672962962962963