2 0.54075 0.7180925925925925 0.03257291666666667 0.13503703703703704
2 0.918015625 0.7269907407407408 0.048125 0.2151574074074074
2 0.39976562499999996 0.7340092592592593 0.05624479166666666 0.2947777777777778
2 0.642953125 0.7254166666666667 0.07869791666666666 0.35174074074074074
2 0.18152083333333333 0.6946018518518519 0.040338541666666665 0.1726111111111111
2 0.8099583333333332 0.7385092592592593 0.10078645833333333 0.4651111111111111
2 0.28111458333333333 0.711037037037037 0.03268229166666667 0.11600925925925927
2 0.7459739583333334 0.7256018518518518 0.047796874999999996 0.20124999999999998
2 0.009026041666666667 0.7556944444444444 0.018052083333333333 0.07699074074074075
1 0.84396875 0.525824074074074 0.031130208333333336 0.05637962962962963
2 0.45366666666666666 0.7213796296296296 0.047177083333333335 0.17659259259259258
0 0.45763020833333334 0.7389259259259259 0.026197916666666664 0.05003703703703704
2 0.22555208333333335 0.7394259259259259 0.03130729166666667 0.06935185185185186