2 0.32064583333333335 0.7710277777777778 0.07481770833333333 0.2780740740740741
2 0.5053489583333334 0.7790648148148148 0.07838541666666667 0.2662037037037037
2 0.8533072916666666 0.7691666666666667 0.04957291666666667 0.23437037037037037
2 0.5698072916666667 0.7728796296296296 0.052223958333333334 0.2186759259259259
2 0.926546875 0.8243981481481482 0.04450520833333334 0.11022222222222222
2 0.4156302083333333 0.7659166666666667 0.06195833333333333 0.18877777777777777
2 0.25906770833333337 0.7846574074074074 0.03661458333333333 0.14762037037037037
0 0.4462395833333333 0.8210092592592593 0.018208333333333333 0.0399537037037037
1 0.33086458333333335 0.5091018518518519 0.037869791666666666 0.06776851851851852
2 0.9914270833333333 0.8477592592592593 0.014161458333333333 0.08191666666666667
0 0.276125 0.8022592592592593 0.018697916666666665 0.041249999999999995