2 0.17708854166666665 0.7026481481481481 0.109625 0.3862407407407407
2 0.41534375 0.6020185185185185 0.061625 0.2578518518518519
2 0.9355416666666667 0.6167962962962963 0.05053125 0.25655555555555554
2 0.27805208333333337 0.6341944444444444 0.07959895833333334 0.29436111111111113
2 0.508765625 0.6391944444444445 0.09324479166666667 0.3448425925925926
2 0.37136458333333333 0.5957407407407407 0.043729166666666666 0.16428703703703704
2 0.5859375 0.6461296296296297 0.08644791666666667 0.3444814814814815
1 0.32651041666666664 0.3804537037037037 0.04099479166666666 0.08662962962962963
2 0.8350729166666666 0.6396388888888889 0.049463541666666666 0.11611111111111112
2 0.6933697916666667 0.6114999999999999 0.044000000000000004 0.19472222222222224
2 0.7415416666666667 0.6241018518518519 0.061864583333333334 0.24136111111111114
2 0.6393385416666667 0.6435925925925926 0.02778125 0.07612962962962963
2 0.7871979166666667 0.6556574074074074 0.04116145833333333 0.07453703703703704