2 0.5718541666666667 0.748925925925926 0.04554166666666667 0.18762037037037035
2 0.3068958333333333 0.7386944444444444 0.07039583333333334 0.25996296296296295
2 0.8808177083333334 0.78325 0.04590104166666666 0.15896296296296297
2 0.49092708333333335 0.7357314814814815 0.069625 0.26861111111111113
2 0.636046875 0.7393425925925926 0.06688541666666666 0.24046296296296296
2 0.961265625 0.8139074074074074 0.04868229166666667 0.11225
0 0.46812499999999996 0.3478796296296296 0.02040625 0.04119444444444444
2 0.39801562500000004 0.7322500000000001 0.03979166666666667 0.2013888888888889
2 0.20494270833333333 0.7256574074074075 0.047135416666666666 0.2649814814814815
2 0.34641666666666665 0.7514259259259259 0.03909895833333333 0.14854629629629632
1 0.3603645833333333 0.48750925925925925 0.039677083333333335 0.07343518518518519
2 0.4666302083333333 0.7413148148148149 0.040640625 0.23169444444444443