2 0.466734375 0.7516203703703703 0.074640625 0.3010648148148148
2 0.31525 0.7464814814814815 0.05652083333333333 0.2583240740740741
2 0.9663645833333334 0.8280462962962962 0.04851041666666667 0.11864814814814814
2 0.7460520833333334 0.7695648148148148 0.06788020833333334 0.25860185185185186
2 0.59621875 0.7600185185185185 0.04422916666666667 0.19105555555555556
2 0.89175 0.8028796296296297 0.04093229166666667 0.15508333333333335
2 0.40982291666666665 0.7382037037037037 0.04366145833333333 0.2137314814814815
1 0.3692239583333333 0.49148148148148146 0.04357291666666666 0.0666574074074074
2 0.35458854166666665 0.7603796296296297 0.037411458333333335 0.13137037037037036
2 0.8710104166666667 0.834537037037037 0.019953125000000002 0.05301851851851851
0 0.9013229166666666 0.8284444444444444 0.017442708333333334 0.03655555555555555