2 0.40958854166666664 0.7570462962962963 0.053609375 0.22185185185185186
2 0.49133333333333334 0.7468703703703704 0.075015625 0.26623148148148146
2 0.6087708333333333 0.7463611111111111 0.048552083333333336 0.2760740740740741
2 0.8490052083333333 0.745537037037037 0.065046875 0.28855555555555557
2 0.2946666666666667 0.7578981481481482 0.0971875 0.2885740740740741
2 0.254578125 0.7495925925925926 0.06075 0.26928703703703705
0 0.6611614583333334 0.2716203703703704 0.030041666666666668 0.05647222222222222
2 0.21380208333333334 0.7668981481481482 0.029166666666666667 0.16239814814814812
2 0.893203125 0.7253518518518518 0.06877083333333332 0.43769444444444444
1 0.3316875 0.4626388888888889 0.039296875 0.08013888888888888
2 0.8648854166666666 0.7436574074074074 0.074390625 0.3895648148148148