1 0.2662864583333333 0.4166574074074074 0.04118229166666666 0.0799537037037037
2 0.7683125000000001 0.6776666666666666 0.048921875000000004 0.11741666666666667
2 0.5798541666666667 0.6532314814814815 0.039203125 0.14252777777777778
2 0.3105572916666667 0.6899444444444445 0.058192708333333336 0.23494444444444446
2 0.41951041666666666 0.6591851851851851 0.027640625 0.11443518518518518
2 0.5396822916666667 0.6773055555555556 0.043911458333333334 0.19873148148148148
2 0.5087395833333334 0.6834444444444444 0.06457291666666667 0.20719444444444446
2 0.390171875 0.6525462962962963 0.026229166666666668 0.13383333333333333
2 0.6554322916666667 0.6962777777777778 0.136234375 0.5214444444444444
2 0.7037083333333333 0.6887407407407408 0.04869791666666667 0.20503703703703705
2 0.73084375 0.6933981481481482 0.030526041666666667 0.07490740740740741
0 0.6023072916666667 0.6693148148148148 0.020088541666666668 0.037037037037037035