2 0.47110416666666666 0.6712870370370371 0.06329166666666666 0.2058425925925926
2 0.676328125 0.6837129629629629 0.06584375 0.22698148148148148
2 0.28455208333333337 0.7067407407407407 0.08464583333333334 0.2898796296296296
2 0.364140625 0.6929629629629629 0.09243229166666667 0.29606481481481484
2 0.19023958333333332 0.7384351851851851 0.10753645833333333 0.45087962962962963
1 0.36001041666666667 0.4335925925925926 0.04136979166666667 0.08714814814814816
2 0.8225416666666666 0.7160277777777777 0.041359375 0.07972222222222222
2 0.6081041666666667 0.7057222222222221 0.061375 0.32760185185185187
2 0.588640625 0.6768611111111111 0.05503125 0.25272222222222224
2 0.8858802083333334 0.6707777777777778 0.04353645833333333 0.2378425925925926
2 0.8633645833333333 0.6980185185185185 0.032359375 0.11957407407407405