2 0.944515625 0.7101944444444445 0.08679687500000001 0.33102777777777775
2 0.7654895833333334 0.6799537037037037 0.05483333333333333 0.2858148148148148
2 0.8316510416666667 0.6864074074074075 0.08205208333333333 0.4059074074074074
2 0.5091614583333334 0.6693796296296296 0.064953125 0.2581759259259259
2 0.45472395833333334 0.6818703703703703 0.08154166666666667 0.3396296296296296
2 0.6504895833333334 0.6638240740740741 0.050546875 0.3142962962962963
0 0.5813697916666667 0.24868518518518518 0.03411979166666667 0.05625925925925926
2 0.40465104166666666 0.7069444444444445 0.050895833333333335 0.2513518518518518
2 0.3410989583333333 0.6949907407407407 0.03199479166666667 0.1603148148148148
2 0.313359375 0.590462962962963 0.05456770833333333 0.33116666666666666
1 0.44973958333333336 0.40375 0.04130729166666667 0.08299074074074074