1 0.5106481481481482 0.35185185185185186 0.3305648148148148 0.25925925925925924
0 0.0777962962962963 0.8629629629629629 0.1555925925925926 0.09876543209876543
0 0.2363888888888889 0.8618827160493827 0.14314814814814814 0.0941358024691358
0 0.618287037037037 0.9470679012345679 0.13842592592592592 0.08796296296296297
0 0.9189814814814815 0.9546296296296296 0.14722222222222223 0.09074074074074075
0 0.7652685185185185 0.9513888888888888 0.13608333333333333 0.08796296296296297
0 0.032407407407407406 0.9469135802469136 0.06481481481481481 0.10617283950617284
0 0.14479629629629628 0.9487654320987654 0.15625 0.10246913580246914
0 0.3009074074074074 0.95 0.1611388888888889 0.1
0 0.4576851851851852 0.9537037037037037 0.15871296296296297 0.09259259259259259
0 0.3807407407407407 0.8637839506172839 0.14297222222222222 0.10287654320987655
0 0.9490740740740741 0.8717901234567901 0.10185185185185185 0.11147530864197532
0 0.8266574074074073 0.8707098765432099 0.1570277777777778 0.10931481481481482
0 0.6748425925925926 0.8699012345679012 0.14227777777777778 0.10029629629629629
0 0.5477407407407406 0.8656543209876543 0.11030555555555555 0.09180246913580246
0 0.049074074074074076 0.7782530864197531 0.09814814814814815 0.09477160493827161
0 0.9814814814814815 0.7824629629629629 0.037037037037037035 0.07604320987654321
0 0.8898611111111111 0.7901666666666666 0.14267592592592593 0.09885802469135803
0 0.7517407407407407 0.7906358024691358 0.1442314814814815 0.09732098765432098
0 0.5988796296296296 0.7884876543209876 0.13480555555555557 0.10290123456790123
0 0.456712962962963 0.7824074074074074 0.14676851851851852 0.09567283950617285
0 0.31239814814814815 0.7823765432098766 0.13960185185185187 0.09808024691358024
0 0.16025 0.7808333333333334 0.15382407407407406 0.09993209876543209
0 0.09044444444444445 0.6983271604938271 0.13273148148148148 0.09295061728395063
0 0.23418518518518516 0.7016111111111111 0.13903703703703704 0.09705555555555555
0 0.9398148148148148 0.712641975308642 0.12037037037037036 0.0968888888888889
0 0.8703148148148149 0.635395061728395 0.13692592592592592 0.09054938271604938
0 0.7979444444444445 0.5620925925925926 0.13410185185185186 0.09353086419753087
0 0.6456851851851853 0.4355925925925926 0.1247037037037037 0.0810679012345679
0 0.5751944444444445 0.37451234567901237 0.10965740740740741 0.07247530864197531
0 0.4351851851851852 0.37365432098765433 0.10000925925925927 0.06582098765432098
0 0.3749351851851852 0.43029012345679013 0.10912962962962963 0.07538888888888888
0 0.5119351851851852 0.4291234567901234 0.12016666666666667 0.07800617283950617
0 0.7177870370370371 0.49925925925925924 0.13187962962962962 0.08493827160493826
0 0.8074259259259259 0.7129135802469136 0.14078703703703704 0.09990123456790123
0 0.6695648148148148 0.714111111111111 0.1502314814814815 0.09982716049382716
0 0.522 0.7079382716049382 0.1254814814814815 0.08994444444444445
0 0.38937037037037037 0.7126296296296296 0.15280555555555556 0.09686419753086419
0 0.7345 0.6343148148148148 0.1521574074074074 0.08899382716049382
0 0.5882314814814814 0.6347901234567901 0.1431388888888889 0.08438888888888889
0 0.45230555555555557 0.6372777777777778 0.13794444444444443 0.08442592592592593
0 0.3102314814814815 0.6320740740740741 0.13898148148148148 0.08636419753086419
0 0.6575 0.5621728395061728 0.1335185185185185 0.08237654320987653
0 0.5172407407407408 0.5600308641975309 0.1307685185185185 0.08301851851851852
0 0.3786388888888889 0.5615432098765433 0.13135185185185186 0.08851234567901234
0 0.23990740740740743 0.5552777777777778 0.14277777777777775 0.09080246913580246
0 0.5825092592592592 0.5003086419753087 0.13169444444444445 0.08951234567901234
0 0.44346296296296295 0.4957345679012346 0.14618518518518517 0.09517283950617285
0 0.1641388888888889 0.6274938271604938 0.13567592592592592 0.09203086419753087