2 0.8006145833333334 0.7289444444444444 0.07291145833333333 0.34452777777777777
2 0.911578125 0.7255555555555556 0.10326041666666666 0.3065648148148148
2 0.31783854166666664 0.7173703703703703 0.08208333333333333 0.30930555555555556
2 0.2566145833333333 0.7190740740740741 0.09868229166666667 0.32551851851851854
2 0.6055572916666667 0.7105092592592592 0.05540104166666667 0.27925925925925926
2 0.6565 0.7155 0.05198958333333333 0.2365
0 0.25158854166666667 0.6680555555555555 0.036000000000000004 0.05912962962962963
2 0.5731302083333334 0.7074351851851851 0.07213541666666666 0.2926388888888889
1 0.34771875 0.44250925925925927 0.038901041666666664 0.06897222222222221
2 0.8616666666666667 0.7438148148148148 0.038739583333333334 0.14350925925925928
2 0.8863854166666666 0.7347777777777778 0.07958333333333334 0.2511388888888889