1 0.36684 0.34934131736526947 0.07036 0.1282634730538922
0 0.32714 0.11125748502994011 0.03866 0.05781437125748502
2 0.054340000000000006 0.8496407185628742 0.10865999999999999 0.2549700598802395
2 0.40852 0.8211077844311377 0.1025 0.3162275449101797
2 0.54788 0.8147305389221557 0.17198 0.32808383233532934
2 0.46392 0.6024850299401198 0.11778 0.4014670658682635
2 0.48354 0.4488323353293413 0.0846 0.27655688622754493
2 0.87194 0.39931137724550897 0.14684 0.35497005988023955
2 0.961 0.7789221556886228 0.078 0.38958083832335333
2 0.5693400000000001 0.2886526946107784 0.07840000000000001 0.32589820359281435
2 0.75942 0.2621556886227545 0.08316 0.37146706586826345
2 0.6584 0.6639820359281438 0.1182 0.36676646706586824