1 0.24631519699812382 0.49957978989494745 0.07612382739212008 0.1017158579289645
2 0.4380412757973734 0.7847223611805904 0.07983114446529081 0.36184592296148077
2 0.3650018761726079 0.7568784392196098 0.09360600375234522 0.3601800900450225
2 0.2925891181988743 0.7603801900950475 0.10112570356472796 0.3401700850425213
2 0.6350131332082551 0.7578789394697348 0.09103939962476548 0.36518259129564784
2 0.7869643527204504 0.7143571785892946 0.08725328330206379 0.2751375687843922
2 0.8820150093808631 0.7580490245122561 0.09723452157598499 0.3184942471235618
0 0.2635759849906191 0.23528264132066032 0.038600375234521575 0.053361680840420214
0 0.8720562851782365 0.722296148074037 0.05631144465290806 0.07190595297648825
0 0.7594634146341463 0.6617108554277139 0.03900187617260788 0.05478739369684842
1 0.585624765478424 0.4903901950975488 0.05830393996247655 0.07533266633316658
2 0.6685065666041276 0.6763381690845423 0.05929455909943715 0.25362681340670334
2 0.8340712945590995 0.6381890945472737 0.055069418386491556 0.19737368684342171
0 0.6460562851782364 0.5875737868934467 0.02529831144465291 0.0348024012006003
0 0.9123639774859287 0.6819409704852426 0.026022514071294557 0.04309654827413707