1 0.2461425891181989 0.4994147073536769 0.07612382739212008 0.1017158579289645
2 0.4381125703564728 0.7845572786393197 0.07983114446529081 0.36184592296148077
2 0.36494934333958723 0.7570435217608804 0.09360600375234522 0.3601800900450225
2 0.29241275797373356 0.7603801900950475 0.10112570356472796 0.3401700850425213
2 0.6350881801125704 0.7578789394697348 0.09103939962476548 0.36518259129564784
2 0.7870393996247655 0.7145222611305653 0.08725328330206379 0.2751375687843922
2 0.8820863039399626 0.7578789394697348 0.09723452157598499 0.3184942471235618
0 0.26365103189493433 0.2351175587793897 0.038600375234521575 0.053361680840420214
0 0.8721313320825516 0.7225062531265632 0.05631144465290806 0.07190595297648825
0 0.759452157598499 0.6617258629314657 0.03900187617260788 0.05478739369684842
1 0.5854559099437149 0.49051525762881437 0.05830393996247655 0.07533266633316658