2 0.3528645833333333 0.6907314814814814 0.05183854166666667 0.21564814814814814
2 0.25254166666666666 0.6930555555555555 0.04338541666666666 0.17608333333333331
2 0.022328124999999997 0.69325 0.044656249999999995 0.2214722222222222
2 0.9442864583333334 0.7234351851851851 0.078859375 0.30930555555555556
2 0.7763229166666666 0.7228796296296297 0.054239583333333334 0.21050925925925926
2 0.18441145833333333 0.676138888888889 0.040265625 0.15573148148148147
2 0.7144270833333334 0.719574074074074 0.058390625 0.24826851851851853
2 0.12973958333333332 0.7288240740740741 0.03469791666666667 0.06425
2 0.5035572916666667 0.7089166666666666 0.03352083333333333 0.18557407407407406
1 0.6410572916666666 0.5008796296296296 0.031109374999999998 0.05998148148148148
0 0.17552083333333332 0.6644814814814815 0.021828124999999997 0.03779629629629629