2 0.6738489583333334 0.7314722222222222 0.10377604166666667 0.5051018518518519
2 0.7960364583333334 0.6864907407407407 0.0775 0.34185185185185185
2 0.32936458333333335 0.6972499999999999 0.05702083333333333 0.23821296296296296
2 0.20849479166666668 0.691462962962963 0.10494270833333334 0.4324722222222222
1 0.2961354166666667 0.41916666666666663 0.0444375 0.09457407407407407
2 0.8704531249999999 0.7228888888888889 0.062578125 0.1454537037037037
2 0.5036770833333333 0.7251851851851853 0.034124999999999996 0.08426851851851852
2 0.3994947916666666 0.6958888888888889 0.0445 0.24392592592592593
2 0.2769270833333334 0.6898981481481482 0.061468749999999996 0.2654722222222222
2 0.5981875 0.7345462962962962 0.03473958333333334 0.08061111111111112
0 0.28441145833333337 0.3222962962962963 0.027114583333333334 0.05419444444444445