2 0.17365104166666667 0.6714629629629629 0.11258854166666667 0.4520555555555556
2 0.323625 0.6662962962962963 0.06361979166666668 0.2381574074074074
1 0.2675572916666667 0.38752777777777775 0.046390625 0.08748148148148148
2 0.48230729166666664 0.6953425925925926 0.029770833333333333 0.08167592592592592
2 0.4411197916666667 0.6666574074074074 0.063875 0.22750925925925927
2 0.7471197916666666 0.6688796296296297 0.0998125 0.39317592592592593
2 0.106875 0.6772314814814815 0.07548958333333333 0.3429166666666667
2 0.57284375 0.7007592592592593 0.037140625000000003 0.07798148148148148
2 0.873140625 0.6761296296296296 0.08333854166666667 0.3855462962962963
2 0.9453697916666666 0.7138796296296296 0.10926562499999999 0.526
0 0.014484374999999999 0.3883611111111111 0.022395833333333334 0.046037037037037036
2 0.9004427083333333 0.6873981481481481 0.13443229166666668 0.5195740740740741
2 0.8329583333333334 0.6932314814814815 0.0450625 0.13969444444444445