2 0.5901979166666667 0.7321574074074074 0.05002604166666667 0.2638888888888889
2 0.6334635416666666 0.7221481481481481 0.05825 0.27691666666666664
2 0.28517187499999996 0.7313796296296297 0.07531249999999999 0.3759537037037037
2 0.92515625 0.7400092592592593 0.050317708333333336 0.21503703703703705
2 0.9690416666666667 0.7354814814814815 0.06191666666666666 0.2771296296296296
2 0.1849114583333333 0.7557870370370371 0.10059375 0.4312870370370371
2 0.7743385416666667 0.7334999999999999 0.05566666666666666 0.2531759259259259
1 0.42996354166666667 0.46112037037037035 0.039078125 0.0777962962962963
2 0.39238541666666665 0.7499722222222223 0.05126041666666667 0.1698333333333333
0 0.775546875 0.7650462962962963 0.026557291666666667 0.05637962962962963
2 0.37105208333333334 0.7323240740740741 0.05159895833333333 0.2161574074074074