2 0.52153125 0.7207685185185184 0.060557291666666666 0.2565462962962963
1 0.5025520833333333 0.47272222222222227 0.04174479166666667 0.076
2 0.6199895833333334 0.7128703703703704 0.07153125 0.2194074074074074
2 0.42959375000000005 0.7214907407407408 0.046015625 0.23473148148148149
2 0.8330989583333334 0.737 0.030979166666666665 0.08612962962962963
2 0.7831614583333334 0.7389907407407408 0.034468750000000006 0.07172222222222221
2 0.6768072916666666 0.6988518518518518 0.02825 0.1399166666666667
2 0.9120781250000001 0.6314537037037037 0.17584895833333333 0.7056481481481481
2 0.2882239583333333 0.7369444444444444 0.062875 0.3408148148148148
2 0.5617135416666666 0.7154259259259259 0.04528125 0.24857407407407406
2 0.7429270833333333 0.7109814814814815 0.032015625 0.12310185185185184