2 0.46168229166666663 0.7255277777777778 0.06784375 0.2784537037037037
2 0.5395104166666667 0.7382037037037037 0.07163541666666666 0.30673148148148144
2 0.8308385416666667 0.74525 0.06640104166666666 0.2416759259259259
2 0.33769791666666665 0.7346944444444444 0.08654166666666667 0.2829537037037037
2 0.6556979166666667 0.7334444444444445 0.04381770833333333 0.23271296296296298
2 0.27544270833333334 0.7465185185185186 0.03777083333333333 0.1365925925925926
2 0.9460625 0.7912870370370371 0.042390625 0.1348148148148148
2 0.8677552083333333 0.7689351851851852 0.03320833333333333 0.15594444444444444
2 0.5711145833333333 0.7328055555555555 0.02725 0.16652777777777777
1 0.3510729166666666 0.47488888888888886 0.0395 0.0772037037037037
0 0.8081145833333333 0.707324074074074 0.023682291666666667 0.04786111111111111