1 0.15374000000000002 0.24784 0.06328 0.09173333333333333
1 0.49804000000000004 0.34176 0.0322 0.044853333333333335
0 0.77066 0.65664 0.06174 0.08069333333333334
2 0.08266 0.52408 0.0915 0.19826666666666665
2 0.14718 0.5646933333333333 0.12604 0.33888
2 0.25642000000000004 0.5842666666666666 0.16536 0.30709333333333333
2 0.3256 0.53152 0.08979999999999999 0.19
2 0.41274 0.5608000000000001 0.1566 0.27029333333333333
2 0.5457799999999999 0.50992 0.073 0.1728533333333333
2 0.61468 0.6948266666666667 0.34326 0.46570666666666666
2 0.8765599999999999 0.6450666666666667 0.21306 0.49616