0 0.8216249999999999 0.36665277777777777 0.026239583333333334 0.03781944444444445
1 0.80521875 0.36784722222222227 0.06114583333333334 0.07194444444444444
1 0.028572916666666667 0.31740277777777776 0.04741666666666667 0.07202777777777777
2 0.10508333333333333 0.6024166666666667 0.06648958333333334 0.27611111111111114
2 0.23519791666666665 0.6480694444444445 0.0901875 0.23390277777777777
2 0.34567708333333336 0.6275833333333334 0.05285416666666667 0.22583333333333333
2 0.5087604166666667 0.6200972222222223 0.07718749999999999 0.20311111111111113
2 0.65246875 0.6821944444444444 0.08016666666666666 0.2286388888888889
2 0.5124479166666667 0.79125 0.119375 0.17393055555555556
2 0.5523958333333333 0.7569722222222222 0.07157291666666667 0.235
2 0.7680104166666666 0.6867361111111111 0.08922916666666666 0.22804166666666667