0 0.3263984375 0.24781944444444445 0.030851562500000002 0.060888888888888895
1 0.327984375 0.22723611111111114 0.06703125 0.1099861111111111
2 0.0427421875 0.722625 0.085484375 0.5547361111111111
2 0.274390625 0.7121666666666666 0.08985937499999999 0.38984722222222223
2 0.350796875 0.6957222222222222 0.11368750000000001 0.4316111111111111
2 0.41840625 0.6702916666666667 0.053929687500000004 0.32208333333333333
2 0.45275 0.6950972222222223 0.059640625 0.30769444444444444
2 0.4829140625 0.6543749999999999 0.053976562500000005 0.32758333333333334
2 0.5706171875 0.6523611111111111 0.0943984375 0.38219444444444445
2 0.67715625 0.6485416666666667 0.1125078125 0.48120833333333335
2 0.8561640625000001 0.5762499999999999 0.06259375 0.34197222222222223
2 0.9157578125000001 0.5940972222222223 0.079796875 0.5269722222222223
2 0.9499296875000001 0.6221527777777778 0.10014062500000001 0.6843888888888888