1 0.80496875 0.24576388888888887 0.075625 0.10768055555555556
0 0.62309375 0.3542638888888889 0.03611458333333333 0.04806944444444444
2 0.041895833333333334 0.6177777777777778 0.08379166666666667 0.24901388888888887
2 0.2591875 0.613 0.08010416666666667 0.3219444444444445
2 0.3891354166666667 0.6935694444444445 0.17757291666666666 0.3696527777777777
2 0.50109375 0.6599444444444444 0.13080208333333332 0.35052777777777777
2 0.6125 0.6834583333333333 0.1086875 0.380375
2 0.86209375 0.6682083333333334 0.120625 0.37051388888888886
2 0.9621145833333333 0.5774444444444444 0.07576041666666668 0.1408611111111111
2 0.9743645833333333 0.6950694444444444 0.051270833333333335 0.34515277777777775
2 0.5836666666666667 0.5699583333333333 0.11290625 0.3836805555555556