2 0.26295833333333335 0.4916778523489933 0.051984375 0.23090604026845638
2 0.587890625 0.48699105145413873 0.03623958333333333 0.29191275167785236
2 0.8884270833333333 0.4924944071588367 0.063703125 0.3496979865771812
2 0.45138541666666665 0.46426174496644296 0.0376875 0.2121364653243848
2 0.40902083333333333 0.46417225950783003 0.033567708333333335 0.2145413870246085
1 0.5612760416666667 0.24507829977628634 0.035645833333333335 0.08291946308724832
1 0.5604479166666666 0.22365771812080534 0.03378125 0.03727069351230425
2 0.137359375 0.5024832214765101 0.054671875 0.3106711409395973
2 0.56596875 0.4798545861297539 0.049625 0.23926174496644295
2 0.49661979166666664 0.5070357941834452 0.06972395833333334 0.22114093959731543
0 0.49947395833333336 0.4926510067114094 0.01736979166666667 0.036767337807606264
2 0.49252604166666664 0.4462863534675615 0.08336979166666666 0.3138702460850112