2 0.0642421875 0.522086129753915 0.078484375 0.2745973154362416
2 0.23399999999999999 0.4778970917225951 0.033625 0.21753914988814316
2 0.2672994791666667 0.5057102908277405 0.05230729166666667 0.17920581655480985
2 0.34744270833333335 0.46852908277404925 0.030302083333333334 0.2032774049217002
2 0.38881770833333335 0.51084451901566 0.07555208333333334 0.30580536912751677
2 0.4309505208333333 0.46537472035794186 0.049401041666666666 0.21486577181208055
2 0.5653333333333334 0.46932326621923937 0.04525 0.25855704697986576
2 0.5841067708333333 0.46666107382550337 0.032796874999999996 0.24428411633109617
2 0.6405364583333333 0.49185123042505596 0.04773958333333333 0.4154697986577181
0 0.085375 0.5135682326621924 0.022833333333333334 0.042796420581655475
1 0.5222317708333333 0.24681767337807606 0.031963541666666664 0.0864765100671141