2 0.09918229166666667 0.49648210290827743 0.07440625000000001 0.34195749440715884
2 0.41442968750000003 0.4887639821029083 0.05802604166666667 0.27506711409395973
2 0.4813671875 0.4668959731543624 0.06377604166666667 0.24475391498881433
2 0.4248177083333333 0.47250559284116334 0.04234375 0.2537360178970917
2 0.5517578125 0.5248881431767338 0.10559895833333334 0.4569351230425056
2 0.5995859375 0.47251677852348994 0.05750520833333333 0.2627069351230425
2 0.7571015625 0.4624272930648769 0.03816145833333333 0.2492393736017897
2 0.8142057291666667 0.503417225950783 0.07736979166666667 0.33793064876957496
2 0.9543151041666668 0.5007829977628635 0.08050520833333333 0.42662192393736015
0 0.6305208333333333 0.26241051454138703 0.02875 0.05725950782997763
1 0.4818307291666667 0.23782438478747206 0.03241145833333333 0.06848993288590603