2 0.17821354166666667 0.4875559284116331 0.055385416666666666 0.28383668903803133
2 0.3291692708333333 0.5215324384787472 0.091671875 0.43232662192393734
2 0.5086145833333333 0.509407158836689 0.07868750000000001 0.32977628635346756
2 0.9006979166666667 0.5068736017897092 0.07639583333333334 0.3068120805369128
0 0.7833854166666666 0.34511744966442953 0.0240625 0.045939597315436245
2 0.8424505208333334 0.5064988814317674 0.09740104166666666 0.24118568232662194
2 0.7180390625 0.4667505592841163 0.045453125 0.21985458612975392
2 0.6090130208333334 0.47495525727069354 0.060734375 0.28548098434004476
2 0.39314583333333336 0.4753299776286353 0.07066666666666667 0.2772818791946309
2 0.6511666666666667 0.48028523489932884 0.07525 0.2961409395973154
1 0.4717369791666667 0.23956375838926175 0.035140625 0.06973154362416108