2 0.6084765625 0.4781487695749441 0.058619791666666664 0.2784451901565996
2 0.6518723958333333 0.480738255033557 0.074578125 0.2948098434004474
2 0.8430911458333333 0.5054753914988814 0.097640625 0.24137583892617448
2 0.7175234375 0.4653187919463087 0.04338020833333334 0.21251677852348994
2 0.9012630208333333 0.5070581655480985 0.07856770833333333 0.30270693512304253
2 0.3362421875 0.5186633109619687 0.07665104166666666 0.4265883668903803
2 0.5090833333333333 0.5080257270693512 0.0765 0.32925055928411634
2 0.3928020833333334 0.4756096196868009 0.06893750000000001 0.2711297539149888
2 0.060971354166666665 0.5 0.12194270833333333 1
1 0.4742473958333333 0.23988255033557046 0.028703125 0.06813199105145414
2 0.175796875 0.48605145413870243 0.047427083333333335 0.28082774049217