2 0.33325520833333333 0.5036465324384788 0.093203125 0.2553579418344519
2 0.5822864583333334 0.4729530201342282 0.047453125 0.2757270693512304
2 0.7795000000000001 0.5120469798657717 0.10097395833333334 0.43165548098434003
2 0.44879687500000004 0.5058501118568233 0.06738541666666667 0.30955257270693515
2 0.61884375 0.4708165548098434 0.0453125 0.25053691275167783
2 0.4100729166666667 0.4830313199105145 0.052182291666666665 0.25639821029082777
1 0.4771197916666667 0.23911633109619687 0.03344270833333333 0.06767337807606263
0 0.3145833333333333 0.6129082774049217 0.018838541666666667 0.03776286353467561
2 0.5976614583333333 0.46945190156599553 0.05582291666666667 0.23573825503355705
2 0.75009375 0.48155480984340043 0.04186458333333333 0.23573825503355705
2 0.8133854166666666 0.4743400447427293 0.05058854166666667 0.30617449664429536