2 0.16172916666666665 0.5135402684563759 0.087 0.4163422818791946
2 0.33745572916666666 0.48627516778523494 0.057203125 0.23205816554809844
2 0.4583567708333333 0.4826062639821029 0.041713541666666666 0.24485458612975392
2 0.5049036458333334 0.5060234899328859 0.08064062500000001 0.30287472035794183
2 0.7641510416666667 0.4969407158836689 0.07309375 0.25338926174496645
2 0.913078125 0.5055201342281879 0.061572916666666665 0.36003355704697987
1 0.4726354166666667 0.2392225950782998 0.0338125 0.07128635346756151
2 0.6721458333333333 0.443076062639821 0.05366666666666667 0.3604250559284117
0 0.6794583333333333 0.2853355704697987 0.021416666666666664 0.04270693512304251
2 0.62371875 0.4712248322147651 0.058895833333333335 0.23327740492170024
2 0.6450729166666667 0.46865212527964206 0.058895833333333335 0.2907718120805369
2 0.6296875 0.47119686800894856 0.036458333333333336 0.2354586129753915