2 0.46304687499999997 0.5649814814814814 0.03633854166666666 0.15225925925925926
2 0.6514635416666666 0.6105277777777778 0.05198958333333333 0.19171296296296297
2 0.5557447916666667 0.649824074074074 0.05053645833333333 0.20441666666666666
2 0.5154375 0.6368796296296296 0.04634895833333333 0.1936111111111111
2 0.25809375 0.70775 0.03815104166666667 0.24690740740740744
2 0.6118333333333333 0.6583425925925925 0.05025520833333333 0.19367592592592592
2 0.5346614583333333 0.578925925925926 0.03140625 0.16558333333333333
2 0.25346875 0.5577962962962962 0.030916666666666665 0.11265740740740741
2 0.5713177083333334 0.5934814814814815 0.029640624999999997 0.18335185185185185
1 0.6548229166666667 0.39905555555555555 0.032140625 0.05410185185185185
0 0.66634375 0.3315462962962963 0.01592708333333333 0.02662962962962963