2 0.19223958333333335 0.4898713646532438 0.07822916666666666 0.2772818791946309
2 0.32075000000000004 0.5214821029082775 0.09670833333333334 0.427751677852349
2 0.392578125 0.4792505592841163 0.07057291666666667 0.2739373601789709
2 0.5082213541666667 0.5078747203579418 0.079984375 0.32671140939597315
1 0.47167708333333336 0.24118568232662194 0.033979166666666664 0.07297539149888142
2 0.9026067708333334 0.5076789709172259 0.057296875000000004 0.30842281879194633
2 0.8405234375 0.5012583892617449 0.07896354166666668 0.25083892617449666
0 0.7203932291666667 0.3442337807606264 0.022036458333333335 0.04417225950782998
2 0.6096536458333334 0.4753187919463087 0.05472395833333333 0.2839709172259508
2 0.6529348958333333 0.4773489932885906 0.07566145833333333 0.3036912751677852
2 0.71740625 0.47060961968680093 0.052520833333333336 0.22086129753914988
2 0.6670390625 0.4677181208053691 0.051786458333333334 0.2106040268456376