2 0.3146510416666667 0.47864653243847877 0.05705208333333334 0.2832214765100671
2 0.196921875 0.5049888143176734 0.066203125 0.28508948545861296
2 0.4609166666666667 0.46874720357941835 0.07025520833333333 0.2764876957494407
2 0.39807812499999995 0.46614093959731545 0.038072916666666665 0.21595078299776285
2 0.03149479166666667 0.5116107382550336 0.06298437500000001 0.37426174496644293
2 0.6607135416666666 0.4661744966442953 0.047125 0.2669798657718121
2 0.495125 0.49470917225950783 0.09521874999999999 0.35824384787472036
2 0.6037604166666667 0.48085011185682325 0.046364583333333334 0.2785682326621924
1 0.527859375 0.24585011185682326 0.031765625 0.08166666666666668
0 0.5126979166666666 0.19277404921700225 0.026776041666666663 0.05315436241610739
2 0.22317708333333333 0.4745302013422819 0.04710416666666666 0.20427293064876959