2 0.50409375 0.47635346756152125 0.047552083333333335 0.22961968680089487
2 0.2942604166666667 0.46671140939597316 0.03286979166666667 0.2101006711409396
2 0.5635052083333334 0.49313199105145417 0.07383333333333333 0.3359619686800895
2 0.804984375 0.4836577181208054 0.04797916666666667 0.2802460850111857
2 0.40498958333333335 0.47174496644295305 0.048875 0.24930648769574942
2 0.18103125 0.5070693512304251 0.062765625 0.355738255033557
1 0.5612239583333333 0.2452013422818792 0.032890625 0.08257270693512303
2 0.36539062499999997 0.48557046979865776 0.035515625 0.22549217002237137
2 0.3927447916666667 0.45360178970917225 0.0791875 0.26196868008948543
0 0.5447239583333333 0.16841163310961968 0.016104166666666666 0.03079418344519016
2 0.5286197916666667 0.46236017897091725 0.043453125 0.24539149888143177
2 0.48659895833333333 0.4637807606263982 0.033526041666666666 0.22360178970917227