2 0.60659375 0.47640939597315435 0.06214583333333333 0.2772035794183445
2 0.6583359375000001 0.474334451901566 0.07396354166666666 0.2864765100671141
2 0.7174557291666667 0.4661912751677852 0.04116145833333333 0.2097874720357942
2 0.8417916666666667 0.5049608501118569 0.10024999999999999 0.24034675615212528
2 0.35200000000000004 0.5172035794183445 0.05504166666666667 0.43038031319910514
2 0.9026901041666666 0.5085290827740492 0.09079687500000001 0.30788590604026844
2 0.508203125 0.5085906040268456 0.07578125 0.3281431767337808
2 0.06197916666666667 0.5 0.12395833333333334 1
2 0.39828645833333337 0.4765548098434005 0.05803125 0.2707829977628636
1 0.4746197916666667 0.23909955257270693 0.029447916666666667 0.06880313199105145
2 0.16802604166666668 0.4853635346756152 0.04438541666666666 0.2839261744966443
0 0.85709375 0.3748601789709172 0.024604166666666667 0.04278523489932886