2 0.08887239583333333 0.49516778523489935 0.06316145833333334 0.34604026845637587
0 0.7142630208333334 0.1967785234899329 0.026442708333333335 0.0512751677852349
1 0.48278906250000003 0.23894295302013424 0.034328125 0.07072706935123042
2 0.4735286458333333 0.470755033557047 0.053307291666666666 0.2457606263982103
2 0.4222213541666667 0.4883557046979866 0.07256770833333334 0.27872483221476513
2 0.41474739583333337 0.47517337807606264 0.03991145833333333 0.2523601789709172
2 0.7556510416666666 0.45970917225950786 0.040468750000000005 0.24156599552572708
2 0.9350989583333333 0.5173210290827741 0.10978125 0.4485123042505593
2 0.8053072916666667 0.506168903803132 0.08769791666666667 0.33672259507829977
2 0.5408567708333333 0.5376286353467561 0.071296875 0.4376733780760626
2 0.5963541666666666 0.4702628635346756 0.05520833333333333 0.26491051454138703
2 0.5508385416666666 0.3991890380313199 0.04542708333333333 0.46951901565995524