2 0.21930208333333334 0.500721476510067 0.051104166666666666 0.24752796420581655
2 0.2508567708333333 0.5236577181208053 0.11525520833333333 0.4074944071588367
2 0.40046354166666664 0.48195190156599554 0.05926041666666667 0.25920581655480984
2 0.5096588541666667 0.5096364653243848 0.07556770833333333 0.3257606263982103
2 0.6302473958333333 0.47840604026845635 0.10111979166666667 0.27672259507829977
2 0.6503072916666667 0.47126398210290826 0.07665625000000001 0.3094183445190157
2 0.6702083333333333 0.47421140939597317 0.04458333333333333 0.21016778523489932
2 0.7027317708333333 0.4785402684563758 0.08046354166666667 0.203165548098434
2 0.8207109375 0.4981487695749441 0.08100520833333333 0.25804250559284114
2 0.8956171875 0.5072539149888143 0.05165104166666667 0.318758389261745
0 0.6821354166666667 0.3497315436241611 0.017395833333333333 0.035033557046979864
1 0.4726067708333333 0.23860738255033556 0.034796875 0.0700559284116331