2 0.1312265625 0.5104530201342282 0.059328124999999995 0.3698993288590604
2 0.33848958333333334 0.4907270693512304 0.0634375 0.22753914988814317
2 0.4733984375 0.511940715883669 0.09158854166666666 0.28786353467561526
2 0.49737239583333337 0.47167225950783 0.029119791666666665 0.2296979865771812
2 0.9407421874999999 0.5182158836689038 0.06794270833333332 0.3831879194630872
2 0.7612708333333333 0.49589485458612975 0.074625 0.25353467561521253
2 0.5650416666666668 0.4736073825503355 0.05091666666666667 0.23804250559284115
2 0.6543359375000001 0.4374217002237136 0.05346354166666667 0.35582774049217003
2 0.574703125 0.46763422818791944 0.04107291666666667 0.24175615212527965
2 0.6765729166666666 0.4551901565995526 0.05835416666666667 0.3220134228187919
0 0.6894895833333333 0.29708053691275166 0.0185625 0.03935123042505593
1 0.47288020833333333 0.23827740492170024 0.03221875 0.06939597315436241