2 0.09233854166666666 0.5062527964205817 0.05342708333333333 0.3346532438478747
2 0.3257682291666667 0.4756208053691275 0.02861979166666667 0.18166666666666667
2 0.46332812500000004 0.4640100671140939 0.02353125 0.15844519015659955
2 0.5013072916666667 0.47824944071588366 0.054697916666666666 0.27864653243847876
2 0.5110703125 0.48604586129753913 0.027348958333333333 0.22265100671140942
2 0.5745312499999999 0.499837807606264 0.07822916666666666 0.3688031319910514
2 0.6212473958333333 0.46582774049217 0.047703125 0.2649888143176734
2 0.6326927083333334 0.47614653243847876 0.05080208333333334 0.2296979865771812
2 0.6764947916666666 0.4653355704697986 0.05194791666666666 0.2707158836689038
2 0.8131614583333333 0.47257270693512304 0.056531250000000005 0.3232214765100671
0 0.6732291666666667 0.19082774049217002 0.018333333333333333 0.039373601789709174
1 0.6725364583333333 0.24370246085011185 0.03361458333333334 0.08695749440715883