2 0.14472916666666666 0.6456851851851853 0.053197916666666664 0.13317592592592595
2 0.7718906249999999 0.7538148148148148 0.04433854166666666 0.23600925925925925
2 0.6223281249999999 0.8712500000000001 0.053197916666666664 0.25750925925925927
2 0.4173854166666667 0.6902037037037037 0.034005208333333335 0.19247222222222224
2 0.011151041666666667 0.7110462962962962 0.022302083333333333 0.2023148148148148
2 0.5080260416666667 0.5974722222222222 0.033953125 0.1412037037037037
2 0.6474947916666667 0.7218981481481481 0.057380208333333335 0.17852777777777779
2 0.3518072916666667 0.6487407407407407 0.03865104166666666 0.16537962962962965
2 0.3321510416666667 0.6314351851851853 0.029109375 0.1615462962962963
2 0.38144791666666666 0.7593611111111112 0.05073958333333333 0.2328425925925926
2 0.4845729166666667 0.5963611111111111 0.028859375 0.12755555555555556
0 0.12288541666666666 0.6460185185185185 0.010755208333333332 0.022305555555555554
1 0.564015625 0.45531481481481484 0.03179166666666667 0.051111111111111114