2 0.12879166666666667 0.5020581655480985 0.07633333333333334 0.3508724832214765
2 0.4028098958333333 0.4947930648769575 0.079578125 0.2759395973154362
2 0.47063802083333334 0.4728299776286353 0.037109375 0.21859060402684563
2 0.519140625 0.4373434004474273 0.06328125 0.1789373601789709
2 0.5571328125 0.5509731543624161 0.086140625 0.43527964205816555
2 0.6359453125000001 0.4707382550335571 0.07709895833333333 0.27257270693512303
2 0.7699609375 0.4646644295302013 0.048255208333333334 0.26937360178970915
2 0.8655963541666666 0.5029809843400447 0.09056770833333333 0.3124496644295302
2 0.971875 0.4988814317673378 0.05625 0.4004474272930649
1 0.483140625 0.23869686800894857 0.03294791666666667 0.07247203579418345
0 0.51803125 0.595592841163311 0.03085416666666667 0.06590604026845638