2 0.13069791666666666 0.4917002237136466 0.08222916666666666 0.31225950782997763
1 0.48283333333333334 0.2392393736017897 0.034416666666666665 0.07131991051454138
2 0.5634921875 0.5053187919463087 0.056151041666666665 0.34620805369127516
2 0.41421874999999997 0.47723154362416104 0.03260416666666667 0.2833221476510067
2 0.4725286458333333 0.47261185682326623 0.03984895833333334 0.2852684563758389
2 0.4395833333333333 0.5330648769574944 0.10416666666666667 0.42630872483221477
2 0.5909609375 0.47315995525727067 0.044421875000000006 0.2393847874720358
2 0.8134427083333333 0.5280033557046979 0.10605208333333334 0.4855369127516778
2 0.7737786458333333 0.5005145413870247 0.055890625 0.3231767337807606
2 0.8413723958333333 0.4688870246085011 0.04836979166666667 0.23083892617449664
0 0.8587786458333333 0.4521252796420582 0.017557291666666665 0.03400447427293065