2 0.15834895833333332 0.5096420581655481 0.06565625 0.2966890380313199
2 0.2644609375 0.453831096196868 0.06121354166666667 0.32600671140939597
2 0.35535677083333334 0.5006935123042505 0.106546875 0.26984340044742733
2 0.4478125 0.47996644295302016 0.042499999999999996 0.2708948545861298
2 0.42163541666666665 0.47997762863534676 0.06827083333333334 0.23064876957494407
2 0.5264166666666666 0.4688814317673378 0.03720833333333333 0.24872483221476513
2 0.6415104166666666 0.4758557046979866 0.0559375 0.26491051454138703
2 0.6851354166666667 0.4766163310961969 0.042145833333333334 0.2798545861297539
2 0.7748255208333333 0.4873266219239374 0.06527604166666666 0.2677181208053691
2 0.8691953125 0.5187975391498881 0.06755729166666667 0.40224832214765105
0 0.2915598958333333 0.3114149888143176 0.018536458333333335 0.0411744966442953
1 0.4720364583333333 0.2386800894854586 0.033656250000000006 0.07020134228187919