2 0.5550833333333334 0.5180648148148148 0.08628645833333333 0.2482037037037037
2 0.26429166666666665 0.36696296296296294 0.048390625 0.1897037037037037
2 0.28563541666666664 0.4472037037037037 0.07522395833333334 0.21350925925925926
2 0.859953125 0.556 0.06260416666666667 0.24695370370370368
2 0.9034583333333334 0.48179629629629633 0.04811979166666667 0.23237037037037037
2 0.59778125 0.506962962962963 0.05144791666666667 0.19226851851851853
2 0.6779218749999999 0.32372222222222224 0.03066666666666667 0.13393518518518518
2 0.54334375 0.2900925925925926 0.028625 0.11598148148148149
2 0.48290104166666664 0.28321296296296294 0.030671875 0.12578703703703703
2 0.6543802083333333 0.5023518518518518 0.05816666666666667 0.12696296296296297
2 0.5181458333333333 0.2844537037037037 0.023697916666666666 0.12041666666666667
1 0.7766510416666667 0.18699074074074074 0.03471875 0.054407407407407404
0 0.601453125 0.5311388888888889 0.013760416666666667 0.03086111111111111