2 0.16884895833333333 0.5234563758389262 0.10436458333333333 0.4026174496644295
2 0.3278802083333333 0.4837975391498881 0.046385416666666665 0.23381431767337807
2 0.4519140625 0.4791051454138702 0.044453124999999996 0.2490380313199105
2 0.5063619791666667 0.5090156599552573 0.07730729166666667 0.3043847874720358
2 0.6134739583333333 0.4733668903803132 0.03736458333333333 0.2241387024608501
2 0.6401249999999999 0.4736017897091722 0.05733333333333333 0.28501118568232664
2 0.6721223958333333 0.4520581655480984 0.05153645833333333 0.3403579418344519
2 0.7658177083333333 0.4943400447427293 0.061843749999999996 0.25042505592841163
2 0.9116796875 0.5061129753914989 0.05669270833333333 0.35003355704697986
0 0.6813385416666667 0.29437360178970917 0.01996875 0.042885906040268464
1 0.47228125 0.23843400447427293 0.034145833333333334 0.07194630872483221