2 0.2724947916666667 0.557537037037037 0.0640625 0.2936944444444444
2 0.6391875 0.7162592592592593 0.08694270833333334 0.3861111111111111
2 0.014135416666666668 0.3794074074074074 0.028270833333333335 0.17924074074074076
2 0.36357812500000003 0.5032222222222222 0.055338541666666664 0.24646296296296297
2 0.433546875 0.4380277777777778 0.04758333333333333 0.19541666666666668
2 0.49189583333333337 0.43801851851851853 0.042666666666666665 0.17311111111111113
2 0.304046875 0.35991666666666666 0.046947916666666666 0.15387037037037038
2 0.6615 0.9700462962962964 0.06653125 0.059444444444444446
2 0.646765625 0.4821296296296297 0.047734375 0.13826851851851854
2 0.5022760416666666 0.3612777777777778 0.028 0.09455555555555556
1 0.5742447916666666 0.20341666666666666 0.03302083333333333 0.055