2 0.18756770833333333 0.487321029082774 0.05951041666666667 0.3012639821029083
2 0.3774140625 0.5366107382550336 0.09336979166666667 0.43787472035794184
2 0.47399218750000005 0.47200782997762863 0.04590104166666666 0.2773489932885906
2 0.4077083333333333 0.4781152125279642 0.02375 0.2783780760626398
2 0.50646875 0.46895413870246083 0.035854166666666666 0.2354474272930649
2 0.56759375 0.4990380313199105 0.06227083333333334 0.31798657718120804
2 0.6293932291666666 0.47006152125279643 0.046286458333333336 0.23318791946308726
2 0.7083880208333333 0.519927293064877 0.09906770833333334 0.4828076062639821
2 0.7666458333333334 0.5009451901565996 0.054125 0.31956375838926177
2 0.8435729166666667 0.4603131991051454 0.048604166666666664 0.24277404921700224
0 0.8273723958333333 0.44517897091722597 0.016203125 0.03353467561521253
1 0.4831432291666667 0.23726510067114095 0.032953125 0.06960850111856823