2 0.2663567708333333 0.4833780760626398 0.043130208333333336 0.26429530201342283
2 0.34885937499999997 0.5358053691275168 0.07167708333333334 0.44297539149888143
2 0.42893229166666663 0.4741051454138703 0.04119791666666666 0.2658836689038031
2 0.47380468750000004 0.4721476510067114 0.05177604166666667 0.26196868008948543
2 0.5197552083333333 0.49440715883668906 0.03742708333333333 0.31543624161073824
2 0.5503776041666666 0.46778523489932883 0.04346354166666667 0.23534675615212527
2 0.5992213541666668 0.5193232662192393 0.07656770833333333 0.470413870246085
2 0.7044843749999999 0.40701342281879194 0.07251041666666666 0.2860626398210291
2 0.8055755208333333 0.4200615212527964 0.04969270833333333 0.3009731543624161
2 0.7141979166666667 0.4983724832214765 0.08152083333333333 0.3144183445190156
1 0.48312239583333333 0.2386633109619687 0.03291145833333333 0.07240492170022372
0 0.7721067708333333 0.2023434004474273 0.018171875 0.03779642058165548