2 0.45856250000000004 0.4890604026845638 0.061885416666666665 0.2486577181208054
2 0.32536458333333335 0.4658612975391499 0.03455208333333334 0.21520134228187918
2 0.7507552083333333 0.486006711409396 0.0378125 0.27929530201342284
2 0.5388750000000001 0.509765100671141 0.09371354166666666 0.3830984340044743
2 0.15475520833333334 0.5092393736017897 0.05874479166666667 0.36161073825503354
2 0.393984375 0.4727964205816555 0.034151041666666666 0.23074944071588366
1 0.5673854166666668 0.24522371364653242 0.032010416666666666 0.08333333333333333
0 0.47578125 0.20911633109619684 0.020864583333333336 0.04006711409395973
2 0.5696927083333333 0.46291946308724835 0.03511458333333333 0.25914988814317674
2 0.4902135416666667 0.46574944071588364 0.03719791666666667 0.22078299776286353
2 0.45921875 0.48893736017897094 0.06678125 0.24997762863534675
2 0.34888020833333333 0.48630872483221477 0.04016145833333333 0.2251006711409396