2 0.0928671875 0.5059843400447428 0.05344270833333333 0.33635346756152124
2 0.3249296875 0.47709731543624156 0.029026041666666665 0.18461968680089486
2 0.46092187500000004 0.4645917225950783 0.022885416666666665 0.16184563758389262
2 0.817234375 0.4757214765100671 0.06363541666666667 0.32728187919463086
2 0.6766927083333333 0.47585011185682324 0.054427083333333334 0.25595078299776286
2 0.5028177083333333 0.48442393736017897 0.060843749999999995 0.28652125279642054
2 0.5115286458333334 0.4865939597315436 0.02930729166666667 0.22598434004474274
2 0.5742499999999999 0.49850111856823265 0.07870833333333334 0.37284116331096195
2 0.6221979166666666 0.4677628635346756 0.048562499999999995 0.2733333333333334
2 0.6411979166666666 0.4802013422818792 0.036562500000000005 0.2355704697986577
0 0.6723984375000001 0.18151565995525729 0.015630208333333333 0.034172259507829976
1 0.6721953125 0.24360178970917226 0.03293229166666666 0.08451901565995526