2 0.1737161458333333 0.49916666666666665 0.09222395833333333 0.3428523489932886
2 0.31654947916666665 0.4936185682326622 0.07059895833333334 0.24450782997762863
2 0.4314036458333333 0.5049776286353468 0.11384895833333333 0.2649888143176734
2 0.483828125 0.4805816554809843 0.05723958333333334 0.21172259507829977
2 0.5113776041666667 0.4754026845637584 0.05088020833333333 0.2595302013422819
2 0.5518333333333333 0.4677013422818792 0.043250000000000004 0.24860178970917227
2 0.6466744791666666 0.45250559284116326 0.061057291666666666 0.3278299776286353
2 0.6756119791666666 0.46201901565995523 0.058515624999999995 0.31553691275167783
2 0.7567968749999999 0.493238255033557 0.07505208333333332 0.2526957494407159
2 0.924640625 0.5202069351230425 0.09094791666666667 0.39611856823266217
0 0.5174947916666667 0.1437807606263982 0.02353125 0.04371364653243848
1 0.47217708333333336 0.23841163310961966 0.034979166666666665 0.06966442953020134