2 0.08796093749999999 0.4982494407158837 0.06133854166666666 0.34549217002237137
2 0.9335859375 0.5189261744966442 0.110921875 0.447248322147651
0 0.7237916666666667 0.19776845637583892 0.025708333333333333 0.04654362416107383
2 0.8038151041666667 0.5043736017897091 0.08888020833333334 0.3376062639821029
2 0.7556171875000001 0.4618512304250559 0.040401041666666665 0.24137583892617448
2 0.5967265625 0.4715324384787472 0.049703125 0.2652125279642058
1 0.4832708333333333 0.23782438478747206 0.03320833333333333 0.07072706935123042
2 0.4732473958333333 0.47242170022371366 0.048578125 0.24461968680089485
2 0.42098697916666666 0.4880984340044743 0.07218229166666666 0.2782102908277405
2 0.4113203125 0.4794295302013423 0.045557291666666666 0.25639821029082777
2 0.5409505208333333 0.537265100671141 0.07252604166666667 0.4391834451901566
2 0.5502395833333333 0.396565995525727 0.051520833333333335 0.47322147651006713