2 0.14896354166666667 0.5153579418344519 0.07605208333333334 0.4087919463087248
2 0.34783854166666667 0.49360738255033554 0.04984375 0.213165548098434
2 0.5055520833333333 0.5094015659955257 0.07777083333333333 0.2962080536912752
2 0.4747708333333333 0.48454697986577183 0.05370833333333334 0.23531319910514542
1 0.472609375 0.24049217002237136 0.03480208333333333 0.0738255033557047
2 0.9172447916666666 0.5152628635346755 0.10011458333333333 0.3728076062639821
2 0.7613385416666667 0.4942337807606264 0.07476041666666666 0.25468680089485457
2 0.6751015625 0.4523601789709172 0.056453125 0.3364876957494407
0 0.6797526041666667 0.2946476510067114 0.019921875 0.04343400447427293
2 0.6114973958333334 0.4658221476510067 0.068828125 0.25155480984340045
2 0.6506276041666667 0.4353635346756152 0.06792187499999999 0.374082774049217