2 0.4923177083333333 0.4697427293064877 0.07798958333333333 0.3634675615212528
2 0.7859739583333333 0.48250559284116334 0.08955729166666666 0.2543288590604027
2 0.25031770833333333 0.45759507829977625 0.03557291666666666 0.1906152125279642
2 0.7433177083333333 0.4740604026845638 0.07891145833333332 0.24172259507829977
2 0.4194114583333333 0.5018568232662193 0.067171875 0.37654362416107384
2 0.5904166666666666 0.4807158836689038 0.08378645833333334 0.37975391498881433
2 0.083578125 0.49079418344519016 0.058265625 0.3661185682326622
1 0.6425572916666666 0.2217897091722595 0.03330729166666667 0.08574944071588367
2 0.288015625 0.4462975391498882 0.031385416666666666 0.15828859060402684
2 0.41425 0.47448545861297536 0.08745312499999999 0.25206935123042506
2 0.5517604166666668 0.4460738255033557 0.050859375000000005 0.2871700223713647
0 0.801 0.4784451901565996 0.021864583333333333 0.04152125279642058
2 0.527953125 0.4444407158836689 0.024828125 0.22083892617449666