2 0.08725260416666666 0.4947818791946309 0.056796875 0.3452684563758389
2 0.5383281249999999 0.5345357941834452 0.07769791666666667 0.4337248322147651
2 0.5560625 0.4157941834451902 0.07879166666666666 0.4602237136465324
2 0.5952317708333333 0.4684451901565996 0.042546875 0.25903803131991054
2 0.7537838541666667 0.4657046979865772 0.05131770833333334 0.22447427293064878
2 0.7972135416666667 0.5056263982102908 0.08296875000000001 0.3334004474272931
2 0.9283802083333333 0.5166442953020134 0.10155208333333333 0.4583445190156599
2 0.4116432291666667 0.47913310961968686 0.043078124999999995 0.251331096196868
2 0.472578125 0.47007270693512304 0.039947916666666666 0.2488702460850112
2 0.42879687499999997 0.4847651006711409 0.06280208333333333 0.28049217002237137
1 0.4829088541666666 0.238668903803132 0.032484374999999996 0.07241610738255033
0 0.7499817708333333 0.20663870246085012 0.023921875 0.046387024608501116