0 0.6198125 0.15347222222222223 0.016078125000000002 0.027731481481481482
2 0.22706770833333334 0.6718425925925926 0.06430729166666667 0.2668611111111111
2 0.9571614583333333 0.4880370370370371 0.05597916666666667 0.2733888888888889
2 0.46007291666666666 0.46996296296296297 0.050046875000000005 0.19549999999999998
2 0.10177083333333334 0.5535 0.049484375000000004 0.17807407407407408
2 0.3064322916666667 0.5482407407407408 0.029869791666666666 0.20955555555555555
2 0.7352864583333333 0.5484074074074073 0.06788541666666667 0.27225
2 0.6378854166666666 0.4623055555555556 0.04233854166666667 0.18410185185185185
2 0.31990625 0.45675925925925925 0.045140625000000004 0.15912037037037036
2 0.52053125 0.5286944444444445 0.045656249999999995 0.21912037037037038
2 0.5872395833333334 0.4326851851851852 0.04249479166666667 0.17633333333333334
2 0.6247708333333333 0.4157314814814815 0.05450520833333334 0.1593425925925926
2 0.70478125 0.35587962962962966 0.030333333333333334 0.1369537037037037
1 0.33420833333333333 0.2783425925925926 0.030703125 0.05812037037037037