2 0.39584895833333333 0.4920693512304251 0.059453125 0.2784340044742729
2 0.5742239583333333 0.5154809843400447 0.10123958333333333 0.28784116331096193
2 0.05585416666666666 0.5052572706935123 0.048421874999999996 0.27873601789709174
2 0.2814270833333333 0.5003355704697987 0.048953125 0.24408277404921702
2 0.7710677083333334 0.4798881431767338 0.07329166666666667 0.33202460850111853
2 0.6560677083333334 0.47563758389261745 0.056562499999999995 0.2770805369127517
2 0.468421875 0.5531208053691276 0.067671875 0.27298657718120806
2 0.5095468750000001 0.4672930648769575 0.06233333333333334 0.26736017897091724
1 0.5283541666666667 0.2441834451901566 0.031468750000000004 0.08242729306487695
0 0.43596874999999996 0.5982662192393736 0.020666666666666667 0.050715883668903804
2 0.447375 0.4682997762863535 0.029520833333333333 0.234586129753915
2 0.6887864583333333 0.4771476510067114 0.04517708333333333 0.2655592841163311