2 0.11413541666666666 0.6860185185185185 0.10540624999999999 0.2771666666666666
2 0.27107291666666666 0.5359537037037038 0.06934895833333334 0.1510277777777778
2 0.3252291666666667 0.4945185185185186 0.04943229166666666 0.13671296296296298
2 0.43642708333333335 0.6252222222222222 0.07747916666666667 0.21643518518518517
2 0.4745 0.6531574074074074 0.101046875 0.2539537037037037
2 0.7918333333333333 0.49666666666666665 0.035625000000000004 0.19640740740740742
2 0.3715 0.5123888888888889 0.04722916666666667 0.15181481481481482
2 0.59628125 0.4646018518518518 0.037994791666666666 0.18341666666666667
2 0.4366302083333334 0.4053055555555556 0.028932291666666665 0.12009259259259258
2 0.6454635416666666 0.4062962962962963 0.028 0.1325925925925926
2 0.468171875 0.4052407407407408 0.02690625 0.11670370370370371
1 0.7264947916666666 0.25221296296296297 0.033791666666666664 0.05388888888888889