2 0.1197578125 0.49587248322147653 0.073890625 0.35192393736017896
2 0.9703125 0.4960850111856823 0.059375 0.41498881431767337
2 0.8492421875 0.5070246085011185 0.09952604166666666 0.32277404921700226
2 0.7661692708333334 0.46495525727069353 0.056296875 0.2677181208053691
2 0.6256145833333334 0.4722091722595078 0.06685416666666667 0.26880313199105144
2 0.41268489583333334 0.4881319910514541 0.061828125 0.28498881431767337
2 0.543890625 0.5468064876957495 0.09298958333333333 0.4426062639821029
0 0.5142526041666666 0.5256375838926175 0.032671874999999996 0.0669351230425056
1 0.48296093749999996 0.2389261744966443 0.03363020833333333 0.07293064876957495
2 0.45893229166666666 0.4748657718120805 0.039739583333333335 0.23608501118568234
2 0.5045520833333333 0.4690939597315436 0.06535416666666667 0.23572706935123044