2 0.13303125000000002 0.5125838926174496 0.059812500000000005 0.37639821029082776
2 0.3394010416666667 0.49383668903803135 0.06421875 0.2248098434004474
2 0.4742838541666667 0.5116219239373602 0.08815104166666667 0.28722595078299773
2 0.568578125 0.47332214765100666 0.048614583333333336 0.23523489932885908
2 0.7613255208333333 0.49482102908277403 0.074734375 0.25138702460850115
2 0.575359375 0.4669463087248322 0.053843749999999996 0.23590604026845638
2 0.9385052083333334 0.5139429530201343 0.06971875000000001 0.38582774049217006
2 0.6559244791666666 0.4326006711409396 0.05455729166666667 0.37079418344519016
2 0.6762786458333333 0.4538255033557047 0.058807291666666664 0.3327069351230425
2 0.4900703125 0.4685123042505593 0.038473958333333336 0.23008948545861296
0 0.6884401041666667 0.2927125279642058 0.017505208333333334 0.04180089485458613
1 0.4725885416666667 0.2393456375838926 0.032677083333333336 0.07153243847874721