0 0.3949609375 0.4663671875 0.024296875 0.0421484375
1 0.6141015625 0.31 0.051484375 0.05484375
2 0.059375 0.466328125 0.0398046875 0.171875
2 0.509140625 0.897265625 0.097421875 0.20546875
2 0.182578125 0.845859375 0.108125 0.30828125
2 0.1580859375 0.5521875 0.089140625 0.17921875
2 0.8805859375 0.68109375 0.1164453125 0.2828515625
2 0.5801171875 0.3996484375 0.036015625 0.1101171875
2 0.57421875 0.566484375 0.0811328125 0.24046875
2 0.4166796875 0.565625 0.062890625 0.230625
2 0.4830078125 0.623671875 0.087734375 0.2349609375
2 0.4905078125 0.4719921875 0.0811328125 0.090859375