2 0.03418632075471698 0.5518958333333334 0.03774764150943396 0.22185416666666666
2 0.25515330188679247 0.5568124999999999 0.08577830188679245 0.28725
2 0.3343396226415094 0.5358958333333333 0.031875 0.17597916666666666
2 0.45016509433962265 0.5509166666666666 0.03161556603773585 0.1990625
2 0.35558962264150945 0.5566041666666667 0.03508254716981132 0.18960416666666668
2 0.555683962264151 0.5238125 0.07757075471698113 0.2767916666666667
2 0.40537735849056605 0.5447083333333332 0.020648584905660378 0.14495833333333333
2 0.4268867924528302 0.5440625 0.03920990566037736 0.19229166666666667
2 0.6311320754716981 0.5411458333333333 0.07121462264150943 0.33925
2 0.7819457547169811 0.5255833333333333 0.046591981132075466 0.21783333333333335
0 0.6267924528301887 0.35870833333333335 0.02122641509433962 0.043416666666666666
1 0.5032783018867925 0.3517291666666667 0.027783018867924527 0.06154166666666667
1 0.9694693396226415 0.07754166666666666 0.061061320754716986 0.15510416666666668