2 0.07886805555555555 0.5821666666666667 0.07208333333333333 0.37914444444444445
2 0.4172604166666667 0.7256055555555555 0.14933680555555554 0.4512166666666667
2 0.28294444444444444 0.5324111111111112 0.15153472222222222 0.3648222222222222
2 0.37246527777777777 0.49119444444444443 0.07363541666666666 0.2601611111111111
2 0.8411805555555555 0.49119999999999997 0.22171527777777778 0.3564722222222222
2 0.7677465277777779 0.4166944444444444 0.08179166666666667 0.30745555555555554
2 0.6886493055555556 0.4074166666666667 0.081 0.4222388888888889
2 0.5107777777777778 0.40812777777777776 0.07942361111111111 0.41255000000000003
2 0.4523993055555556 0.37149444444444446 0.06914930555555555 0.23558333333333334
0 0.6848472222222222 0.2162888888888889 0.027100694444444445 0.043694444444444445
1 0.19528819444444442 0.12083333333333333 0.059555555555555556 0.11573888888888889