0 0.2823538961038961 0.7979955947136564 0.04875 0.07147577092511014
1 0.08484577922077922 0.1385022026431718 0.10461850649350649 0.1376762114537445
0 0.09298701298701299 0.726079295154185 0.030170454545454545 0.04147577092511013
0 0.041834415584415585 0.7240969162995595 0.02642857142857143 0.03639867841409691
0 0.18472402597402598 0.7093612334801762 0.021314935064935068 0.030859030837004406
0 0.4702191558441558 0.704328193832599 0.020064935064935063 0.02659691629955947
0 0.5243506493506493 0.6298458149779735 0.028563311688311686 0.04236784140969163
0 0.5523863636363636 0.7079955947136564 0.018896103896103897 0.03079295154185022
0 0.8708116883116882 0.5936563876651982 0.037832792207792204 0.05079295154185022
1 0.9230275974025974 0.2856828193832599 0.030105519480519483 0.03820484581497797
1 0.21540584415584416 0.279647577092511 0.03168019480519481 0.03138766519823789