0 0.44098023715415025 0.24361022364217252 0.032940711462450596 0.07188498402555911
1 0.46773913043478266 0.3396805111821086 0.06086956521739131 0.1328434504792332
2 0.8794466403162056 0.7276357827476039 0.043478260869565216 0.19968051118210864
2 0.8508616600790513 0.8274760383386581 0.052703557312252965 0.3450479233226837
2 0.7980237154150197 0.8218849840255591 0.07351778656126483 0.3562300319488818
2 0.6936758893280632 0.8234824281150159 0.09090909090909091 0.35303514376996803
2 0.6297707509881423 0.799520766773163 0.07377865612648221 0.4009584664536741
2 0.5652173913043478 0.8130990415335463 0.07114624505928854 0.3738019169329074
2 0.449802371541502 0.8011182108626198 0.08063241106719368 0.3977635782747604
2 0.3886719367588933 0.8154952076677316 0.08958893280632411 0.36900958466453676
2 0.03688537549407114 0.755591054313099 0.07377865612648221 0.48881789137380194
2 0.16877470355731225 0.7052715654952076 0.28221343873517785 0.5894568690095847