2 0.9691164972634871 0.772484126984127 0.0617670054730258 0.3703650793650794
2 0.8563995308835027 0.773015873015873 0.09121970289288507 0.3968253968253968
2 0.7066731821735731 0.7187857142857143 0.01694292415949961 0.16138095238095237
2 0.7281743549648163 0.7306904761904761 0.04430805316653636 0.21693650793650793
2 0.6408639562157935 0.7253968253968254 0.026059421422986707 0.19047619047619047
2 0.597470680218921 0.7746031746031746 0.0846989835809226 0.4444444444444444
2 0.5160281469898358 0.7642857142857142 0.10320562939796717 0.4714285714285714
2 0.2701329163408913 0.7843888888888889 0.058639562157935886 0.2830634920634921
0 0.21892103205629398 0.7071428571428572 0.039093041438623924 0.07142857142857142
2 0.1821735731039875 0.7732777777777777 0.07036747458952307 0.4259206349206349
1 0.2883776387802971 0.3367698412698413 0.0716731821735731 0.1402063492063492