1 0.7206984126984127 0.08697865353037766 0.04470634920634921 0.09394088669950738
0 0.6260634920634921 0.7394581280788177 0.04894444444444444 0.12589490968801315
2 0.5935238095238096 0.3727422003284072 0.1045 0.13136288998357964
2 0.45436507936507936 0.3557799671592775 0.051587301587301584 0.2681937602627258
2 0.5535714285714286 0.715927750410509 0.14047619047619048 0.5681444991789819
2 0.9246031746031746 0.2613464696223317 0.047619047619047616 0.14504105090311986
2 0.55 0.3155336617405583 0.023809523809523808 0.1286206896551724
2 0.5148095238095238 0.3278489326765189 0.02645238095238095 0.1860919540229885
2 0.6197142857142858 0.2909031198686371 0.03307142857142857 0.11220032840722495
2 0.5757936507936507 0.2785878489326765 0.027777777777777776 0.12041050903119868
2 0.2826746031746032 0.363431855500821 0.0701031746031746 0.2736781609195402