0 0.4261356466876972 0.5008888888888889 0.03945583596214511 0.07646031746031746
1 0.23022082018927445 0.18646031746031747 0.09248422712933754 0.18333333333333332
2 0.1921608832807571 0.7817460317460317 0.07360410094637224 0.4365079365079365
2 0.27641955835962145 0.7761904761904762 0.09069400630914827 0.44761904761904764
2 0.3166403785488959 0.7833333333333333 0.03706624605678233 0.43333333333333335
2 0.40063091482649843 0.7534444444444445 0.0473186119873817 0.3227460317460318
2 0.5240536277602523 0.7484126984126984 0.13170347003154576 0.5031746031746032
2 0.6021293375394322 0.7873015873015873 0.06545741324921135 0.4253968253968254
2 0.6937381703470031 0.7777777777777778 0.1445820189274448 0.4444444444444444
2 0.8580441640378549 0.7992063492063493 0.10410094637223975 0.4015873015873016
2 0.9574132492113565 0.803968253968254 0.083596214511041 0.39206349206349206