1 0.4758569182389937 0.18153982300884955 0.04841981132075472 0.11353982300884957
0 0.82874213836478 0.3790442477876106 0.037995283018867926 0.08553982300884956
2 0.8173427672955975 0.6690265486725664 0.10481918238993712 0.584070796460177
2 0.7465880503144654 0.6410088495575221 0.05764937106918239 0.3333274336283186
2 0.5990566037735849 0.6230088495575221 0.055031446540880505 0.35398230088495575
2 0.5127044025157232 0.6289026548672566 0.053718553459119495 0.3126902654867256
2 0.4631761006289308 0.7035398230088495 0.08516509433962265 0.5929203539823009
2 0.387185534591195 0.6808141592920355 0.09827044025157233 0.5368672566371682
2 0.3338600628930818 0.6126902654867257 0.05764937106918239 0.3687256637168142
2 0.2878694968553459 0.6761061946902654 0.06944182389937106 0.49557522123893805
2 0.1501572327044025 0.6442477876106195 0.18867924528301888 0.7115044247787611