1 0.42329626687847494 0.22603833865814696 0.04709293089753773 0.08722044728434505
0 0.5484511517077045 0.5399361022364217 0.02779984114376489 0.06389776357827476
2 0.7410643367752184 0.547923322683706 0.04765687053216839 0.28753993610223644
2 0.6824146147736299 0.5359424920127795 0.05427323272438443 0.2955271565495208
2 0.6311834789515488 0.5298242811501598 0.042359015091342336 0.2768849840255591
2 0.5861795075456712 0.6008945686900958 0.06354249404289118 0.4446166134185303
2 0.5225099285146942 0.6062300319488818 0.06486894360603654 0.43929712460063897
2 0.1343606036536934 0.4811022364217253 0.08604447974583002 0.22097444089456872
2 0.18970611596505163 0.45659744408945685 0.04898332009531374 0.17838658146964856
2 0.2234551231135822 0.5098562300319489 0.08472597299444003 0.2688977635782748
2 0.20231135822081017 0.7590095846645367 0.24895949166004766 0.48196485623003193