1 0.2402439024390244 0.3313483146067416 0.0607081038552321 0.14548956661316212
2 0.12785208497246262 0.7945425361155698 0.08261211644374508 0.41091492776886035
2 0.25334382376081827 0.7544141252006421 0.05507474429583006 0.30497592295345105
2 0.3216601101494886 0.7442536115569823 0.04852084972462628 0.2942696629213483
0 0.5529819040125885 0.7859871589085072 0.024917387883556255 0.0534991974317817
2 0.5931077891424076 0.7290048154093098 0.03278520849724626 0.20598715890850725
2 0.5668764752163651 0.7584269662921348 0.059008654602675056 0.2808988764044944
2 0.6906687647521637 0.7156179775280899 0.024917387883556255 0.14714285714285716
2 0.6619512195121952 0.7174959871589085 0.020983477576711252 0.16051364365971107
2 0.8455232100708104 0.761107544141252 0.04195908733280881 0.17388443017656502
2 0.9019197482297403 0.7570947030497592 0.08392604248623131 0.3103210272873194
2 0.7992446892210858 0.7255216693418941 0.040653029110936274 0.2086677367576244