1 0.5514583333333333 0.1539537037037037 0.022500000000000003 0.035638888888888894
1 0.6744947916666667 0.26666666666666666 0.03752604166666666 0.05555555555555555
0 0.37020312499999997 0.2890462962962963 0.012281249999999999 0.016972222222222222
0 0.41534895833333335 0.40617592592592594 0.014026041666666666 0.02160185185185185
0 0.651921875 0.4609537037037037 0.018427083333333334 0.029324074074074075
0 0.08755208333333334 0.8205185185185185 0.025109375 0.04475
2 0.074140625 0.8441388888888889 0.071890625 0.3117314814814815
2 0.19313020833333333 0.8564814814814815 0.059869791666666665 0.28703703703703703
2 0.43827083333333333 0.5708796296296296 0.046677083333333334 0.22817592592592592
2 0.6697395833333334 0.5087870370370371 0.051281249999999994 0.2089351851851852
2 0.39678125000000003 0.3917777777777778 0.033151041666666665 0.18478703703703703
2 0.34684375 0.27497222222222223 0.023973958333333333 0.12537037037037038
2 0.36157812500000003 0.26864814814814814 0.014828125 0.07207407407407408
2 0.42731250000000004 0.26721296296296293 0.024854166666666667 0.10171296296296296
2 0.5030885416666666 0.2890277777777778 0.027015624999999998 0.1047037037037037
2 0.4850625 0.29650925925925925 0.018911458333333336 0.10250000000000001
2 0.49908854166666666 0.26698148148148143 0.022572916666666668 0.09585185185185185
2 0.5246302083333333 0.23721296296296296 0.009119791666666667 0.07605555555555556
2 0.5160416666666666 0.23913888888888887 0.008713541666666666 0.07900925925925925
2 0.5084270833333333 0.21250925925925926 0.019901041666666668 0.07543518518518519
2 0.48978645833333334 0.23466666666666666 0.012093749999999999 0.06101851851851852
2 0.4849947916666667 0.21886111111111112 0.009625 0.06916666666666667
2 0.4721822916666667 0.2373148148148148 0.010932291666666667 0.07896296296296297
2 0.46103124999999995 0.2308148148148148 0.016578125 0.08585185185185185